0 0 0 3.25233e-09 3.25233e-09 4.43739e-09 4.43739e-09 4.98268e-09 4.98268e-09 5.29486e-09 5.29486e-09 
3.53 0 0 3.27454e-09 3.24e-09 4.47235e-09 4.42057e-09 5.02358e-09 4.96379e-09 5.33915e-09 5.27479e-09 
7.06 0 0 3.28675e-09 3.2032e-09 4.50229e-09 4.37036e-09 5.06193e-09 4.90741e-09 5.38236e-09 5.21488e-09 
10.59 0 0 3.23655e-09 3.14248e-09 4.4546e-09 4.28752e-09 5.01571e-09 4.81439e-09 5.33707e-09 5.11603e-09 
14.12 0 0 3.27272e-09 3.05877e-09 4.53702e-09 4.17331e-09 5.11997e-09 4.68615e-09 5.45397e-09 4.97975e-09 
17.65 0 0 3.21439e-09 2.95334e-09 4.49818e-09 4.02946e-09 5.09076e-09 4.52462e-09 5.43045e-09 4.8081e-09 
21.18 0 0 3.26365e-09 2.82778e-09 4.62522e-09 3.85815e-09 5.25468e-09 4.33226e-09 5.61574e-09 4.60369e-09 
24.71 0 0 3.23108e-09 2.684e-09 4.65049e-09 3.66198e-09 5.30787e-09 4.11198e-09 5.68525e-09 4.36961e-09 
28.24 0 0 3.23958e-09 2.52418e-09 4.75963e-09 3.44392e-09 5.46531e-09 3.86713e-09 5.8708e-09 4.10942e-09 
31.77 0 0 3.18909e-09 2.35074e-09 4.80269e-09 3.20729e-09 5.55383e-09 3.60142e-09 5.98595e-09 3.82706e-09 
35.3 0 0 3.15635e-09 2.16631e-09 4.90936e-09 2.95566e-09 5.72824e-09 3.31887e-09 6.19996e-09 3.52681e-09 
38.83 0 0 3.04757e-09 1.9737e-09 4.94608e-09 2.69286e-09 5.83665e-09 3.02377e-09 6.35058e-09 3.21322e-09 
42.36 0 0 2.95551e-09 1.77581e-09 5.0681e-09 2.42287e-09 6.06411e-09 2.7206e-09 6.64009e-09 2.89106e-09 
45.89 0 0 2.75857e-09 1.57565e-09 5.11176e-09 2.14978e-09 6.2283e-09 2.41396e-09 6.87566e-09 2.5652e-09 
49.42 0 0 2.48593e-09 1.37626e-09 5.15093e-09 1.87774e-09 6.42506e-09 2.10848e-09 7.16612e-09 2.24059e-09 
52.95 0 0 2.03165e-09 1.18066e-09 5.12409e-09 1.61086e-09 6.60218e-09 1.80882e-09 7.4653e-09 1.92214e-09 
56.48 0 0 1.45655e-09 9.91817e-10 5.0162e-09 1.35321e-09 6.76804e-09 1.5195e-09 7.79618e-09 1.6147e-09 
60.01 0 0 8.86567e-10 8.12591e-10 4.71323e-09 1.10868e-09 6.83842e-09 1.24492e-09 8.09378e-09 1.32292e-09 
63.54 0 0 4.21299e-10 6.45702e-10 4.05372e-09 8.80978e-10 6.72135e-09 9.89238e-10 8.30225e-09 1.05122e-09 
67.07 0 0 1.10556e-10 4.93681e-10 2.98807e-09 6.73565e-10 6.15577e-09 7.56337e-10 8.22273e-09 8.03723e-10 
