0 0 0 2.25381e-09 2.25381e-09 3.6965e-09 3.6965e-09 4.41942e-09 4.41942e-09 4.84913e-09 4.84913e-09 
3.53 0 0 2.25552e-09 2.24526e-09 3.70544e-09 3.68249e-09 4.43222e-09 4.40266e-09 4.8643e-09 4.83075e-09 
7.06 0 0 2.23452e-09 2.21976e-09 3.68927e-09 3.64066e-09 4.41923e-09 4.35265e-09 4.85338e-09 4.77588e-09 
10.59 0 0 2.21924e-09 2.17768e-09 3.69522e-09 3.57165e-09 4.43711e-09 4.27015e-09 4.87867e-09 4.68535e-09 
14.12 0 0 2.21181e-09 2.11967e-09 3.72888e-09 3.47651e-09 4.49333e-09 4.1564e-09 4.94877e-09 4.56054e-09 
17.65 0 0 2.17389e-09 2.04661e-09 3.72797e-09 3.35668e-09 4.51371e-09 4.01313e-09 4.9825e-09 4.40334e-09 
21.18 0 0 2.1455e-09 1.9596e-09 3.76013e-09 3.21397e-09 4.57993e-09 3.84252e-09 5.06988e-09 4.21614e-09 
24.71 0 0 2.10187e-09 1.85996e-09 3.78906e-09 3.05056e-09 4.6503e-09 3.64714e-09 5.16612e-09 4.00177e-09 
28.24 0 0 2.02575e-09 1.74921e-09 3.78882e-09 2.86891e-09 4.69482e-09 3.42997e-09 5.23891e-09 3.76348e-09 
31.77 0 0 1.93975e-09 1.62902e-09 3.7995e-09 2.67178e-09 4.76287e-09 3.19429e-09 5.34327e-09 3.50489e-09 
35.3 0 0 1.83078e-09 1.50122e-09 3.81222e-09 2.46217e-09 4.84894e-09 2.94369e-09 5.47598e-09 3.22991e-09 
38.83 0 0 1.67614e-09 1.36774e-09 3.7896e-09 2.24325e-09 4.90913e-09 2.68195e-09 5.58949e-09 2.94273e-09 
42.36 0 0 1.48652e-09 1.2306e-09 3.77474e-09 2.01833e-09 5.00551e-09 2.41305e-09 5.75794e-09 2.64768e-09 
45.89 0 0 1.21596e-09 1.0919e-09 3.71659e-09 1.79084e-09 5.07952e-09 2.14107e-09 5.91885e-09 2.34925e-09 
49.42 0 0 8.69797e-10 9.53725e-10 3.61302e-09 1.56422e-09 5.14307e-09 1.87013e-09 6.09408e-09 2.05197e-09 
52.95 0 0 5.35368e-10 8.18178e-10 3.41204e-09 1.34191e-09 5.14254e-09 1.60434e-09 6.23112e-09 1.76033e-09 
56.48 0 0 2.63675e-10 6.87311e-10 3.09595e-09 1.12727e-09 5.08204e-09 1.34773e-09 6.35138e-09 1.47877e-09 
60.01 0 0 8.00706e-11 5.63111e-10 2.56501e-09 9.23567e-10 4.87632e-09 1.10419e-09 6.38039e-09 1.21155e-09 
63.54 0 0 0 4.4746e-10 1.84433e-09 7.33886e-10 4.42214e-09 8.7741e-10 6.23789e-09 9.62723e-10 
67.07 0 0 0 3.42112e-10 1.13372e-09 5.61104e-10 3.53645e-09 6.70836e-10 5.74065e-09 7.36064e-10 
