0 1.42988e-09 1.42988e-09 2.34504e-09 2.34504e-09 2.8036e-09 2.8036e-09 3.07617e-09 3.07617e-09 3.25538e-09 3.25538e-09 
3.53 1.43678e-09 1.42446e-09 2.36045e-09 2.33615e-09 2.82345e-09 2.79298e-09 3.0987e-09 3.06451e-09 3.27967e-09 3.24303e-09 
7.06 1.42445e-09 1.40828e-09 2.35179e-09 2.30961e-09 2.8171e-09 2.76125e-09 3.09384e-09 3.0297e-09 3.27583e-09 3.2062e-09 
10.59 1.39958e-09 1.38159e-09 2.3306e-09 2.26584e-09 2.79859e-09 2.70891e-09 3.07712e-09 2.97227e-09 3.26033e-09 3.14543e-09 
14.12 1.39359e-09 1.34479e-09 2.34957e-09 2.20548e-09 2.83127e-09 2.63675e-09 3.11827e-09 2.8931e-09 3.30713e-09 3.06164e-09 
17.65 1.39189e-09 1.29843e-09 2.38643e-09 2.12946e-09 2.88924e-09 2.54587e-09 3.18921e-09 2.79338e-09 3.38674e-09 2.95611e-09 
21.18 1.35409e-09 1.24323e-09 2.37157e-09 2.03893e-09 2.88812e-09 2.43763e-09 3.19681e-09 2.67462e-09 3.40023e-09 2.83043e-09 
24.71 1.32785e-09 1.18002e-09 2.39356e-09 1.93526e-09 2.93755e-09 2.31369e-09 3.26335e-09 2.53862e-09 3.47825e-09 2.68651e-09 
28.24 1.29519e-09 1.10975e-09 2.42153e-09 1.82002e-09 3.0003e-09 2.17592e-09 3.34785e-09 2.38746e-09 3.57735e-09 2.52654e-09 
31.77 1.24435e-09 1.0335e-09 2.43675e-09 1.69496e-09 3.0544e-09 2.02641e-09 3.42651e-09 2.22341e-09 3.67255e-09 2.35294e-09 
35.3 1.16118e-09 9.52418e-10 2.42175e-09 1.56199e-09 3.08145e-09 1.86743e-09 3.48049e-09 2.04898e-09 3.74482e-09 2.16834e-09 
38.83 1.07718e-09 8.67734e-10 2.43691e-09 1.4231e-09 3.15724e-09 1.70138e-09 3.595e-09 1.86679e-09 3.8856e-09 1.97555e-09 
42.36 9.52415e-10 7.80733e-10 2.41828e-09 1.28042e-09 3.20672e-09 1.5308e-09 3.68874e-09 1.67962e-09 4.00953e-09 1.77747e-09 
45.89 7.77697e-10 6.92735e-10 2.37828e-09 1.1361e-09 3.25018e-09 1.35826e-09 3.78711e-09 1.49031e-09 4.14565e-09 1.57713e-09 
49.42 5.53811e-10 6.05073e-10 2.30786e-09 9.92332e-10 3.28604e-09 1.18638e-09 3.89406e-09 1.30172e-09 4.30183e-09 1.37755e-09 
52.95 3.44838e-10 5.19077e-10 2.18428e-09 8.51297e-10 3.29098e-09 1.01777e-09 3.98712e-09 1.11671e-09 4.45659e-09 1.18177e-09 
56.48 1.66567e-10 4.36052e-10 1.97279e-09 7.15134e-10 3.23918e-09 8.54975e-10 4.04856e-09 9.38096e-10 4.59857e-09 9.92746e-10 
60.01 4.96371e-11 3.57255e-10 1.62967e-09 5.85906e-10 3.09935e-09 7.00477e-10 4.05575e-09 7.68578e-10 4.71255e-09 8.13352e-10 
63.54 0 2.83882e-10 1.17628e-09 4.65573e-10 2.82206e-09 5.56614e-10 3.98172e-09 6.10728e-10 4.79025e-09 6.46307e-10 
67.07 0 2.17046e-10 7.24686e-10 3.55961e-10 2.26308e-09 4.25567e-10 3.67379e-09 4.66941e-10 4.69388e-09 4.94143e-10 
