0 4.01619e-09 4.01619e-09 5.55378e-09 5.55378e-09 6.58713e-09 6.58713e-09 7.32347e-09 7.32347e-09 7.87536e-09 7.87536e-09 
3.53 4.00119e-09 4.00097e-09 5.5394e-09 5.53272e-09 6.57341e-09 6.56215e-09 7.31039e-09 7.2957e-09 7.86277e-09 7.8455e-09 
7.06 3.99064e-09 3.95552e-09 5.54397e-09 5.46988e-09 6.58897e-09 6.48762e-09 7.33408e-09 7.21283e-09 7.89274e-09 7.75639e-09 
10.59 3.96814e-09 3.88055e-09 5.5452e-09 5.3662e-09 6.60761e-09 6.36465e-09 7.36571e-09 7.07612e-09 7.93434e-09 7.60936e-09 
14.12 3.93735e-09 3.77718e-09 5.54991e-09 5.22325e-09 6.63834e-09 6.1951e-09 7.41577e-09 6.88762e-09 7.99936e-09 7.40667e-09 
17.65 3.86695e-09 3.64698e-09 5.51415e-09 5.04321e-09 6.6288e-09 5.98156e-09 7.4261e-09 6.65021e-09 8.02509e-09 7.15136e-09 
21.18 3.8204e-09 3.49193e-09 5.53247e-09 4.8288e-09 6.69498e-09 5.72726e-09 7.52799e-09 6.36748e-09 8.15452e-09 6.84733e-09 
24.71 3.72682e-09 3.31438e-09 5.50563e-09 4.58328e-09 6.71849e-09 5.43606e-09 7.58952e-09 6.04372e-09 8.24559e-09 6.49917e-09 
28.24 3.61779e-09 3.11702e-09 5.48443e-09 4.31037e-09 6.76384e-09 5.11236e-09 7.68522e-09 5.68384e-09 8.38044e-09 6.11217e-09 
31.77 3.46423e-09 2.90285e-09 5.42936e-09 4.0142e-09 6.78498e-09 4.76108e-09 7.76451e-09 5.2933e-09 8.50518e-09 5.6922e-09 
35.3 3.26069e-09 2.67511e-09 5.3422e-09 3.69926e-09 6.78959e-09 4.38756e-09 7.83976e-09 4.87802e-09 8.63596e-09 5.24562e-09 
38.83 2.99186e-09 2.43725e-09 5.20739e-09 3.37034e-09 6.76325e-09 3.99744e-09 7.89795e-09 4.44429e-09 8.76095e-09 4.77921e-09 
42.36 2.65044e-09 2.19289e-09 5.03587e-09 3.03243e-09 6.7317e-09 3.59665e-09 7.97647e-09 3.9987e-09 8.92698e-09 4.30003e-09 
45.89 2.16335e-09 1.94572e-09 4.76018e-09 2.69063e-09 6.6152e-09 3.19126e-09 7.98789e-09 3.54799e-09 9.04124e-09 3.81537e-09 
49.42 1.54459e-09 1.6995e-09 4.36826e-09 2.35015e-09 6.4195e-09 2.78742e-09 7.95337e-09 3.09901e-09 9.13786e-09 3.33255e-09 
52.95 9.54832e-10 1.45796e-09 3.78837e-09 2.01613e-09 6.07165e-09 2.39126e-09 7.80212e-09 2.65857e-09 9.14947e-09 2.85891e-09 
56.48 4.70343e-10 1.22476e-09 2.92467e-09 1.69366e-09 5.50176e-09 2.00878e-09 7.47561e-09 2.23333e-09 9.02944e-09 2.40164e-09 
60.01 1.42992e-10 1.00344e-09 1.96884e-09 1.38761e-09 4.56535e-09 1.64579e-09 6.85787e-09 1.82976e-09 8.6776e-09 1.96765e-09 
63.54 1.69087e-12 7.97356e-10 1.10551e-09 1.10262e-09 3.28112e-09 1.30778e-09 5.6995e-09 1.45397e-09 7.86605e-09 1.56354e-09 
67.07 0 6.0963e-10 4.52115e-10 8.43025e-10 2.01416e-09 9.9988e-10 4.08662e-09 1.11165e-09 6.28707e-09 1.19542e-09 
