14803.4
14695
14970.6
14631.7
14891.7
14853.3
14745.1
14746.7
14896.9
14933.2
14750.9
14761.6
14505
14663.5
14868.3
14845.6
14736.7
14920
14864.6
14846.4
14959.9
14750.4
14898.2
14949.1
14896.8
14989
14723.3
14851.3
14939
14694.2
14803.1
14731.1
14750.7
14721.1
14878
14697.8
14698.4
14647
14792.3
14770.7
14886.4
14636.3
14526.5
14687.1
14904.1
14958.8
14884.7
14839.3
14780.3
14846.1
14912.2
14853
14996.6
14753.6
14937.7
14939.9
14702.4
14906.1
14904.2
14823.3
14339.8
14746.3
14775.6
14812.1
14721.2
14892.8
14704.5
14957.2
14921
14924.8
14740.2
14813.7
14907.8
14820
14989.2
14717
14524.5
14719.9
14928.7
14853.6
14794.5
14946.8
14898.6
14956.3
14791.8
14814.3
14944.4
14896.9
14794
14729.3
14744.3
14962
14862
14688.8
14828.3
14934.4
14932.6
14821.8
14893.4
14846.9
14883.4
14755.7
14704
14974.8
14902.8
14790.1
14984.9
14724.6
14645.4
14853.7
14747
14571.6
14737.9
14865.2
14826.9
14791.4
14788.1
14573.5
14619.9
14898.1
14845.3
14578.4
14824
14693.7
14980.1
14823.3
14935.3
14989.3
14695.3
14646.4
14799.8
14838.9
14735.2
14640.3
14706.2
14919.1
14712.7
14985.2
14794.4
14834.4
14795.4
14821.5
14796.9
14848.3
14804.6
14951.9
14875.9
14717.4
14849.5
14750.4
14741.1
14908.8
14703.4
14721.8
14885
14928.3
14747.1
14897
14696.7
14870.9
14715.5
14686.6
14885.7
14695.9
14891.4
14876.8
14890.6
14843
14866.3
14801.6
14734.8
14625.3
14708
14883
14632.9
14881.6
14926.4
14929.5
14742.1
14682.7
14922.6
14752.9
14837.7
14793.5
14906.2
14705.1
14759.3
14555.3
14843.5
14648.3
14905.3
14984
14854.3
14894.4
14915.2
14898.2
14941.9
14819
14762.2
14819.6
14884.5
14769.9
14935.8
14991.3
14689.9
14809.8
14802.7
14594.5
14872.8
14965.5
14835.7
14902.2
14991.8
14797.9
14900.8
14984.5
14945.3
14670
14760.1
14892.6
14706.3
14743.2
14767.3
14815.9
14840.6
14774.9
14944.3
14540.4
14767.5
14691.9
14751.2
14650
14806.7
14716.2
14808.3
14806.7
14959.1
14951.6
14806.8
14941.6
14789.7
14849.9
14925.5
14691.1
14740.7
14992.9
14731.2
14994.1
14700.5
14898.9
14906.8
14696.3
14672.9
14920.9
14913.8
14870.9
14770.3
14874.9
14736.5
14857.6
14671.6
14821
14960.2
14934.6
14932
14924.1
14665.7
14754.2
14716.8
14783.7
14589.8
14693.8
14912.5
14416.5
14832.1
14596.4
14984.7
14861
14688.4
14738
14854.2
14911.5
14830.3
14707.1
14937.5
14777.5
14916.1
14838.5
14847
14905
14721.8
14595.7
14804
14831.7
14872.5
14848.3
14921.5
14883.9
14717
14943.5
14707.1
14943.8
14752.2
14872.8
14866.1
14819.5
14796.2
14830.2
14854.5
14887.9
14892.3
14760.6
14702.5
14605.9
14808
14946.6
14777.2
14850.4
14587.2
14709.9
14643.1
14846.2
14985.1
14822.5
14671.9
14971.7
14736.1
14726.1
14716.5
14995.3
14862.9
14760.9
14835.9
14650.1
14894.8
14921.7
14872.9
14879.3
14812.7
14872.2
14925.3
14460.6
14598.1
14786.7
14977.7
14831.1
14785.1
14741.5
14852.8
14938
14841.2
14944.2
14949.8
14854
14898.6
14902.9
14686.1
14500.5
14697.3
14812.4
14821.8
14909
14693.9
14785.2
14786.5
14448.7
14696.7
14603.4
14725.1
14656.3
14906.1
14845.7
14853.2
14798.6
14805.7
14684.6
14895.4
14783.9
14631.9
14792.7
14920
14848.4
14679.5
14847.8
14828.8
14915
14922.4
14873.7
14660
14799.7
14727.7
14886.9
14882.5
14578.7
14730.1
14736.2
14857
14923.2
14795.4
14861.5
14955.8
14733.1
14816.2
14736.1
14798.1
14891.1
14368.5
14892.6
14691.7
14866.5
14876.9
14749.4
14786.9
14875.9
14772.3
14984.7
14926.8
14793.4
14844.3
14745.5
14861.7
14795.1
14861
14725.3
14756.1
14790.8
14974.5
14898.3
14732.7
14832.8
14886
14836.5
14736.6
14752.3
14578
14954.7
14859
14905.1
14693.3
14894.3
14400.6
14913.2
14705
14754.5
14835.4
14887.9
14861.5
14760.4
14914.9
14908.9
14653
14458.8
14911.7
14567.5
14851.4
14834.5
14740.2
14814.4
14825.4
14726.6
14780.3
14751.5
14919.4
14903.3
14833.2
14734.4
14788.9
14763.8
14768
14834
14881.1
14622.9
14801
14879.1
14768.3
14947.7
14852.2
14887.6
14965.8
14897.2
14970.2
14840.9
14683.9
14740.7
14725.6
14802.8
14773.9
14893.4
14963.4
14977.5
14831
14794.4
14696.2
14895.7
14695.3
14875.6
14747.9
14675.6
14543.7
14852.6
14877.7
14794.3
14721.3
14827.2
14815.2
14771.7
14803.6
14937.1
14722.6
14705.8
14771.4
14746.6
14656.2
14816.6
14820.1
14733
14734.5
14899.7
14943.8
14991.6
14898.7
14782.2
14854.5
14633.5
14746.6
14658.4
14697.8
14845.1
14806.7
14881.1
14910.3
14924.6
14833.3
14650.1
14817.3
14573.4
14678.9
14737.5
14763.5
14893.4
14889.7
14674.1
14880.5
14713.9
14896.6
14705.7
14811.9
14873.5
14764
14895.9
14669.3
14844.2
14792.6
14971.8
14776
14830
14911.1
14885.5
14833.2
14869
14812.7
14924.3
14776.4
14780.5
14957
14958.6
14986.3
14727.2
14824.7
14922.2
14773.6
14591.5
14490
14776.6
14626.3
14848.8
14964.3
14822
14805.5
14898.9
14884.4
14817.1
14917.5
14810
14779.5
14673.8
14802.1
14845.8
14820
14985.8
14869.4
14743.9
14769.2
14631.3
14810.7
14832.9
14803.9
14991.1
14758.2
14890.7
14463.5
14910.8
14966.4
14608.7
14774.7
14608.5
14894.6
14952.8
14879.1
14956.8
14725.5
14918
14773.6
14699.4
14911.2
14811.3
14755.5
14808.7
14897.5
14788.3
14867.9
14911.3
14828.9
14696.4
14954.2
14874.9
14926.9
14882.2
14716.5
14873.6
14938.4
14745.9
14682.7
14788.2
14895.4
14830.7
14912.5
14665.8
14936.2
14926.9
14885.3
14868.8
14761.4
14850.2
14859.9
14983.1
14762
14575.6
14752.2
14935.8
14750.5
14996.1
14893.2
14820.7
14727.7
14916.8
14693.3
14745.5
14680.3
14870.5
14960.1
14805.5
14790.9
14776.3
14685.1
14857
14826
14871.5
14548.5
14861.2
14615.8
14767.2
14865.1
14841.6
14998
14550.8
14910.4
14966.6
14863.5
14902.6
14720.2
14803.9
14778.5
14611.8
14800.8
14747.4
14570.8
14838.4
14787
14990.1
14763.2
14654.3
14676.4
14870.7
14829.9
14710.7
14871
14802.1
14816.3
14770.5
14975.4
14934.3
14891.1
14768.5
14744.7
14678.8
14419.5
14880.9
14982.1
14817
14842.3
14793.1
14924.5
14773.4
14732
14781.8
14895.1
14920.7
14945.9
14681
14837.9
14966.1
14685.7
14945.6
14610
14730.7
14826
14942.9
14928.5
14818.4
14914.7
14876.9
14969.9
14873.3
14893.9
14818.7
14748.5
14937
14507.6
14768.1
14647.8
14813.4
14928.3
14626.5
14759.9
14954.8
14872.5
14837.1
14758.6
14961.7
14993.6
14705.8
14813.5
14628.3
14796.1
14751.1
14599
14681.2
14940.2
14739.9
14645.7
14927.9
14815.3
14796.6
14673
14848.4
14923.4
14736
14759.8
14783
14769.1
14927.7
14685.3
14949.2
14896.3
14680.9
14761.3
14733.1
14887.5
14931.6
14837
14850.2
14551.5
14946.4
14478.3
14816.1
14747.8
14943.2
14944.6
14664.4
14769.6
14684.8
14658.8
14935.4
14994.6
14593.6
14862.5
14784.2
14976.1
14883.5
14628.7
14775.8
14864
14853.2
14787.2
14765.9
14771.5
14729.5
14574.8
14988.7
14893.2
14843.7
14770.5
14788.8
14790
14860
14942.2
14653.5
14519.7
14794.8
14872.9
14928.7
14658.8
14654.8
14941.2
14849.5
14776.6
14749.9
14755.3
14729.1
14881.1
14839.8
14955.3
14709.8
14695.2
14896.8
14845.9
14869.6
14755.9
14957.5
14559.5
14973.9
14638.2
14890.4
14899.1
14922.4
14605.9
14811.4
14877
14978.9
14793.3
14951.5
14814.7
14832.9
14943.9
14930.6
14853.8
14927.7
14938.6
14942.6
14832.4
14793.8
14767.2
14966.5
14792.8
14896.2
14749.5
14778.1
14903.2
14975.2
14941.7
14938.6
14619.4
14969.2
14852.3
14736.1
14893.6
14854.6
14998.1
14784.9
14896
14827.2
14721.2
14710.5
14906.5
14942.3
14763.3
14817.6
14905.5
14898.7
14894.5
14752.9
14659.2
14657.8
14860.9
14865.3
14779.7
14913.9
14677.6
14861.5
14955.7
14929.3
14848.1
14825.3
14752.1
14624.9
14934.9
14837.3
14851.7
14730.8
14826
14795.5
14764.2
14852
14667.9
14591.7
14933.5
14913.4
14847.4
14921.5
14717.1
14963.6
14901.4
14885.5
14983.1
14869.2
14885
14869.1
14993.8
14864.6
14804.5
14873.3
14671.6
14811.2
14668.3
14756.3
14813.6
14929.5
14881.7
14771.3
14891
14943.3
14853
14809
14598.7
14882.4
14782.3
14648.8
14815.1
14633.9
14950.3
14818.7
14813.6
14518.9
14822.4
14692
14974.5
14617.4
14800.1
14944.8
14808
14613.5
14696.9
14889.1
14730.7
14908.1
14747.8
14765.6
14928.3
14836
14756.6
14676.3
14828.7
14790.3
14972.4
14951.8
14867.2
14930.2
14823.2
14898.1
14845.3
14992.5
14908.7
14904.1
14849.4
14766.6
14887.6
14789.4
14735.7
14960.5
14647.9
14452.2
14759.8
14919.1
14819.1
14756.3
14860.4
14669.3
14727.4
14729.8
