0 0.103703 0.103703 0.139054 0.139054 0.158414 0.158414 0.170499 0.170499 0.178733 0.178733 
3.53 0.103684 0.10331 0.139153 0.138526 0.158582 0.157814 0.170711 0.169853 0.178975 0.178056 
7.06 0.102434 0.102136 0.137846 0.136953 0.157254 0.156021 0.169371 0.167923 0.177629 0.176033 
10.59 0.101275 0.100201 0.136909 0.134357 0.156457 0.153064 0.168667 0.16474 0.176989 0.172696 
14.12 0.100317 0.0975314 0.13652 0.130778 0.156404 0.148986 0.168832 0.160352 0.177305 0.168096 
17.65 0.097848 0.0941695 0.134373 0.12627 0.154469 0.143851 0.167039 0.154825 0.175612 0.162302 
21.18 0.0957552 0.090166 0.133016 0.120902 0.153562 0.137735 0.166426 0.148243 0.175202 0.155402 
24.71 0.0929641 0.0855814 0.131055 0.114755 0.152114 0.130732 0.165317 0.140705 0.174329 0.1475 
28.24 0.0888138 0.0804854 0.127596 0.107921 0.149111 0.122948 0.162618 0.132327 0.171845 0.138717 
31.77 0.0844637 0.0749552 0.124207 0.100506 0.146342 0.1145 0.160265 0.123234 0.169782 0.129186 
35.3 0.0794935 0.0690746 0.120463 0.0926209 0.143392 0.105517 0.157846 0.113566 0.167735 0.119051 
38.83 0.0731783 0.0629329 0.115296 0.0843855 0.139007 0.0961347 0.153995 0.103468 0.164262 0.108465 
42.36 0.0663567 0.0566231 0.110128 0.0759248 0.134949 0.086496 0.150691 0.0930945 0.161489 0.0975904 
45.89 0.0581475 0.0502409 0.103641 0.0673671 0.129666 0.0767468 0.146238 0.0826015 0.157625 0.0865907 
49.42 0.0484892 0.0438832 0.0960161 0.0588422 0.123493 0.0670349 0.141077 0.0721488 0.153186 0.0756331 
52.95 0.03683 0.0376463 0.0863515 0.0504793 0.115374 0.0575076 0.134065 0.0618946 0.146971 0.0648838 
56.48 0.0253926 0.0316249 0.074957 0.0424052 0.105853 0.0483093 0.125903 0.0519947 0.139801 0.0545057 
60.01 0.0155815 0.0259101 0.0607416 0.0347424 0.093767 0.0395796 0.115389 0.042599 0.130451 0.0446563 
63.54 0.00829066 0.0205887 0.0439527 0.027607 0.078437 0.0314508 0.101927 0.0338501 0.11839 0.0354848 
67.07 0.00388545 0.0157414 0.0280102 0.0211074 0.0588881 0.0240462 0.0842496 0.0258806 0.102435 0.0271305 
