0 1.03703e-10 1.03703e-10 1.39054e-10 1.39054e-10 1.58414e-10 1.58414e-10 1.70499e-10 1.70499e-10 1.78733e-10 1.78733e-10 
3.53 1.03684e-10 1.0331e-10 1.39153e-10 1.38526e-10 1.58582e-10 1.57814e-10 1.70711e-10 1.69853e-10 1.78975e-10 1.78056e-10 
7.06 1.02434e-10 1.02136e-10 1.37846e-10 1.36953e-10 1.57254e-10 1.56021e-10 1.69371e-10 1.67923e-10 1.77629e-10 1.76033e-10 
10.59 1.01275e-10 1.00201e-10 1.36909e-10 1.34357e-10 1.56457e-10 1.53064e-10 1.68667e-10 1.6474e-10 1.76989e-10 1.72696e-10 
14.12 1.00317e-10 9.75314e-11 1.3652e-10 1.30778e-10 1.56404e-10 1.48986e-10 1.68832e-10 1.60352e-10 1.77305e-10 1.68096e-10 
17.65 9.7848e-11 9.41695e-11 1.34373e-10 1.2627e-10 1.54469e-10 1.43851e-10 1.67039e-10 1.54825e-10 1.75612e-10 1.62302e-10 
21.18 9.57552e-11 9.0166e-11 1.33016e-10 1.20902e-10 1.53562e-10 1.37735e-10 1.66426e-10 1.48243e-10 1.75202e-10 1.55402e-10 
24.71 9.29641e-11 8.55814e-11 1.31055e-10 1.14755e-10 1.52114e-10 1.30732e-10 1.65317e-10 1.40705e-10 1.74329e-10 1.475e-10 
28.24 8.88138e-11 8.04854e-11 1.27596e-10 1.07921e-10 1.49111e-10 1.22948e-10 1.62618e-10 1.32327e-10 1.71845e-10 1.38717e-10 
31.77 8.44637e-11 7.49552e-11 1.24207e-10 1.00506e-10 1.46342e-10 1.145e-10 1.60265e-10 1.23234e-10 1.69782e-10 1.29186e-10 
35.3 7.94935e-11 6.90746e-11 1.20463e-10 9.26209e-11 1.43392e-10 1.05517e-10 1.57846e-10 1.13566e-10 1.67735e-10 1.19051e-10 
38.83 7.31783e-11 6.29329e-11 1.15296e-10 8.43855e-11 1.39007e-10 9.61347e-11 1.53995e-10 1.03468e-10 1.64262e-10 1.08465e-10 
42.36 6.63567e-11 5.66231e-11 1.10128e-10 7.59248e-11 1.34949e-10 8.6496e-11 1.50691e-10 9.30945e-11 1.61489e-10 9.75904e-11 
45.89 5.81475e-11 5.02409e-11 1.03641e-10 6.73671e-11 1.29666e-10 7.67468e-11 1.46238e-10 8.26015e-11 1.57625e-10 8.65907e-11 
49.42 4.84892e-11 4.38832e-11 9.60161e-11 5.88422e-11 1.23493e-10 6.70349e-11 1.41077e-10 7.21488e-11 1.53186e-10 7.56331e-11 
52.95 3.683e-11 3.76463e-11 8.63515e-11 5.04793e-11 1.15374e-10 5.75076e-11 1.34065e-10 6.18946e-11 1.46971e-10 6.48838e-11 
56.48 2.53926e-11 3.16249e-11 7.4957e-11 4.24052e-11 1.05853e-10 4.83093e-11 1.25903e-10 5.19947e-11 1.39801e-10 5.45057e-11 
60.01 1.55815e-11 2.59101e-11 6.07416e-11 3.47424e-11 9.3767e-11 3.95796e-11 1.15389e-10 4.2599e-11 1.30451e-10 4.46563e-11 
63.54 8.29066e-12 2.05887e-11 4.39527e-11 2.7607e-11 7.8437e-11 3.14508e-11 1.01927e-10 3.38501e-11 1.1839e-10 3.54848e-11 
67.07 3.88545e-12 1.57414e-11 2.80102e-11 2.11074e-11 5.88881e-11 2.40462e-11 8.42496e-11 2.58806e-11 1.02435e-10 2.71305e-11 
