0 0.0232127 0.0232127 0.0311459 0.0311459 0.0354913 0.0354913 0.0382039 0.0382039 0.0400521 0.0400521 
3.53 0.02548 0.0231247 0.0342397 0.0310278 0.0390394 0.0353567 0.0420358 0.038059 0.0440776 0.0399003 
7.06 0.031606 0.022862 0.0426322 0.0306754 0.048678 0.0349551 0.0524536 0.0376267 0.0550269 0.0394471 
10.59 0.0408621 0.0224287 0.0554023 0.030094 0.0633828 0.0342926 0.0683692 0.0369135 0.071768 0.0386994 
14.12 0.0513051 0.0218312 0.0700484 0.0292923 0.0803495 0.0333791 0.0867898 0.0359302 0.0911811 0.0376685 
17.65 0.0609911 0.0210787 0.0840533 0.0282826 0.096751 0.0322285 0.104696 0.0346917 0.110114 0.0363701 
21.18 0.0701324 0.0201826 0.0977883 0.0270802 0.113049 0.0308584 0.122606 0.0332168 0.129128 0.0348238 
24.71 0.0781592 0.0191564 0.110629 0.0257033 0.128594 0.0292894 0.13986 0.0315279 0.147551 0.0330532 
28.24 0.0841976 0.0180157 0.121498 0.0241728 0.142207 0.0275453 0.155213 0.0296505 0.164098 0.031085 
31.77 0.0886337 0.0167778 0.13097 0.0225118 0.154568 0.0256526 0.169416 0.0276132 0.179567 0.0289491 
35.3 0.0912324 0.0154615 0.139008 0.0207457 0.165769 0.0236401 0.182645 0.0254468 0.194194 0.0266779 
38.83 0.0908421 0.0140868 0.144034 0.0189011 0.174007 0.0215381 0.192961 0.0231842 0.205946 0.0243059 
42.36 0.0882651 0.0126744 0.147599 0.017006 0.181278 0.0193787 0.202646 0.0208597 0.217307 0.0218689 
45.89 0.0821045 0.0112458 0.147731 0.0150892 0.185312 0.0171944 0.209254 0.0185086 0.225708 0.019404 
49.42 0.0720645 0.00982273 0.144525 0.0131798 0.186464 0.0150186 0.213317 0.0161664 0.231813 0.0169485 
52.95 0.0570152 0.00842668 0.13631 0.0113066 0.18283 0.0128841 0.212805 0.0138688 0.23351 0.0145397 
56.48 0.0406509 0.00707884 0.12325 0.00949813 0.174943 0.0108233 0.208512 0.0116505 0.231786 0.0122141 
60.01 0.0258479 0.00579966 0.103302 0.00778177 0.160678 0.00886746 0.198266 0.00954519 0.224458 0.010007 
63.54 0.014146 0.00460854 0.0767005 0.00618356 0.138517 0.00704627 0.180708 0.00758481 0.210287 0.00795176 
67.07 0.00679672 0.00352352 0.049946 0.00472773 0.106408 0.00538733 0.153225 0.00579908 0.186831 0.00607963 
