0 0.0200393 0.0200393 0.108833 0.108833 0.142295 0.142295 0.16055 0.16055 0.171985 0.171985 
3.53 0.0200747 0.0199634 0.108727 0.10842 0.142359 0.141756 0.160699 0.159941 0.172185 0.171333 
7.06 0.0199224 0.0197366 0.107153 0.107189 0.140905 0.140146 0.159288 0.158125 0.170793 0.169387 
10.59 0.0197447 0.0193625 0.105483 0.105157 0.139749 0.137489 0.158369 0.155127 0.170011 0.166176 
14.12 0.0197822 0.0188467 0.103787 0.102356 0.139049 0.133827 0.158147 0.150995 0.170071 0.161749 
17.65 0.0196812 0.0181971 0.100229 0.0988275 0.136435 0.129214 0.155955 0.14579 0.168117 0.156174 
21.18 0.0197441 0.0174235 0.096724 0.0946259 0.134488 0.12372 0.154726 0.139592 0.167302 0.149534 
24.71 0.0197817 0.0165375 0.0920057 0.0898146 0.13173 0.11743 0.152845 0.132495 0.165924 0.141931 
28.24 0.0196673 0.0155528 0.0852258 0.0844665 0.127194 0.110437 0.149257 0.124605 0.162861 0.13348 
31.77 0.0196276 0.0144842 0.0773838 0.0786627 0.122421 0.102849 0.145745 0.116043 0.160047 0.124308 
35.3 0.0196302 0.0133478 0.0674099 0.0724913 0.11679 0.0947801 0.141792 0.106939 0.157011 0.114556 
38.83 0.0195103 0.012161 0.0540758 0.0660457 0.109067 0.0863527 0.136071 0.0974307 0.152342 0.10437 
42.36 0.0195295 0.0109417 0.0408294 0.0594239 0.100232 0.0776948 0.130143 0.0876621 0.147904 0.0939057 
45.89 0.0194835 0.00970844 0.0294675 0.052726 0.0884069 0.0689376 0.122247 0.0777814 0.141889 0.0833213 
49.42 0.0194561 0.00847989 0.0211584 0.0460538 0.0723035 0.0602139 0.112195 0.0679386 0.134463 0.0727775 
52.95 0.0193156 0.00727469 0.0165446 0.0395085 0.0536358 0.0516561 0.0980643 0.0582829 0.124089 0.062434 
56.48 0.0191954 0.00611111 0.015522 0.0331891 0.0369126 0.0433937 0.078558 0.0489606 0.110524 0.0524478 
60.01 0.0189834 0.0050068 0.0153505 0.0271917 0.0237803 0.0355523 0.056782 0.0401132 0.0903427 0.0429702 
63.54 0.0186733 0.00397851 0.0150998 0.0216071 0.0155924 0.0282506 0.0371806 0.0318748 0.0660137 0.034145 
67.07 0.0182073 0.00304183 0.014723 0.01652 0.012722 0.0215994 0.0221073 0.0243703 0.0431735 0.0261061 
