0 0.0812717 0.0812717 0.119776 0.119776 0.142261 0.142261 0.156775 0.156775 0.166868 0.166868 
3.53 0.0808388 0.0809636 0.119281 0.119322 0.141737 0.141722 0.156234 0.15618 0.166317 0.166235 
7.06 0.0802462 0.080044 0.118833 0.117966 0.141397 0.140112 0.15597 0.154406 0.166108 0.164347 
10.59 0.0791755 0.0785268 0.117962 0.11573 0.140682 0.137456 0.155367 0.15148 0.165587 0.161232 
14.12 0.0777085 0.076435 0.11681 0.112648 0.139769 0.133795 0.154626 0.147444 0.164971 0.156937 
17.65 0.0752771 0.0738003 0.114499 0.108765 0.137602 0.129183 0.152575 0.142362 0.163009 0.151527 
21.18 0.0731292 0.0706628 0.112978 0.104141 0.136548 0.123691 0.151852 0.13631 0.162528 0.145085 
24.71 0.0699647 0.0670699 0.110252 0.0988456 0.134203 0.117402 0.149793 0.129379 0.160681 0.137708 
28.24 0.0664585 0.0630761 0.107398 0.0929597 0.131891 0.110411 0.147881 0.121675 0.159064 0.129508 
31.77 0.0621837 0.0587421 0.103728 0.0865724 0.128772 0.102824 0.145179 0.113315 0.156675 0.12061 
35.3 0.0571775 0.0541335 0.0993566 0.0797804 0.125022 0.0947573 0.14191 0.104425 0.153767 0.111147 
38.83 0.0513724 0.0493203 0.0941637 0.0726867 0.1205 0.086332 0.13792 0.0951397 0.150184 0.101265 
42.36 0.0449217 0.0443753 0.088537 0.065399 0.115761 0.0776761 0.133886 0.0856008 0.146688 0.0911116 
45.89 0.0374219 0.0393736 0.0816358 0.0580277 0.109713 0.0689211 0.128553 0.0759525 0.141914 0.0808422 
49.42 0.0288713 0.0343911 0.0737179 0.0506846 0.102774 0.0601995 0.122466 0.0663411 0.136501 0.0706121 
52.95 0.0201563 0.0295033 0.0643396 0.0434811 0.0943711 0.0516436 0.114981 0.0569124 0.129765 0.0605763 
56.48 0.0125978 0.0247843 0.0533508 0.0365263 0.084344 0.0433833 0.105956 0.0478093 0.121592 0.0508872 
60.01 0.00688958 0.0203056 0.0404714 0.0299259 0.0723289 0.0355438 0.095019 0.03917 0.111622 0.0416917 
63.54 0.00324408 0.0161353 0.027203 0.0237797 0.057512 0.0282438 0.0812197 0.0311253 0.0988208 0.0331291 
67.07 0.00158762 0.0123365 0.0158073 0.0181811 0.0404727 0.0215942 0.063893 0.0237973 0.0825146 0.0253293 
