0 7.92989e-21 7.92989e-21
3.53 7.69251e-21 7.89983e-21
7.06 7.70412e-21 7.8101e-21
10.59 7.75406e-21 7.66206e-21
14.12 7.75553e-21 7.45795e-21
17.65 7.50243e-21 7.20088e-21
21.18 6.92791e-21 6.89474e-21
24.71 6.9217e-21 6.54418e-21
28.24 6.39986e-21 6.1545e-21
31.77 6.11725e-21 5.73162e-21
35.3 5.71543e-21 5.28194e-21
38.83 5.29458e-21 4.8123e-21
42.36 4.90049e-21 4.32981e-21
45.89 4.41688e-21 3.84179e-21
49.42 4.08911e-21 3.35563e-21
52.95 3.65075e-21 2.87871e-21
56.48 3.06077e-21 2.41827e-21
60.01 2.65437e-21 1.98127e-21
63.54 2.15489e-21 1.57436e-21
67.07 1.66202e-21 1.2037e-21
