0 5.24685e+12 5.69881e+12
3.53 5.24876e+12 5.70291e+12
7.06 5.22417e+12 5.68227e+12
10.59 5.21627e+12 5.684e+12
14.12 5.16731e+12 5.64577e+12
17.65 5.14442e+12 5.64077e+12
21.18 5.08546e+12 5.60217e+12
24.71 5.03416e+12 5.57849e+12
28.24 4.967e+12 5.54554e+12
31.77 4.8763e+12 5.49594e+12
35.3 4.77119e+12 5.44206e+12
38.83 4.64099e+12 5.37554e+12
42.36 4.4889e+12 5.30419e+12
45.89 4.28913e+12 5.13262e+12
49.42 4.05771e+12 4.84258e+12
52.95 3.80757e+12 4.51006e+12
56.48 3.56868e+12 4.20207e+12
60.01 3.30301e+12 3.87735e+12
63.54 3.02252e+12 3.57707e+12
67.07 2.69558e+12 3.26205e+12
