0 7.70529e+08 9.00882e+08
3.53 7.70325e+08 9.01298e+08
7.06 7.6525e+08 8.97347e+08
10.59 7.61609e+08 8.96467e+08
14.12 7.50872e+08 8.888e+08
17.65 7.4283e+08 8.85869e+08
21.18 7.28258e+08 8.77102e+08
24.71 7.13387e+08 8.70119e+08
28.24 6.94539e+08 8.61015e+08
31.77 6.70466e+08 8.48638e+08
35.3 6.42074e+08 8.34807e+08
38.83 6.0733e+08 8.18136e+08
42.36 5.66031e+08 7.99732e+08
45.89 5.11616e+08 7.49404e+08
49.42 4.50276e+08 6.61389e+08
52.95 3.89472e+08 5.63695e+08
56.48 3.35183e+08 4.73192e+08
60.01 2.83888e+08 3.87978e+08
63.54 2.39613e+08 3.25769e+08
67.07 1.95384e+08 2.76534e+08
