0.515152 0.0721356
0.59596 0.0775873
0.484848 0.0699819
0.525253 0.0728394
0.484848 0.0699819
0.505051 0.0714249
0.515152 0.0721356
0.565657 0.075589
0.505051 0.0714249
0.555556 0.0749111
0.525253 0.0728394
0.585859 0.076927
0.515152 0.0721356
0.525253 0.0728394
0.525253 0.0728394
0.444444 0.0670025
0.464646 0.0685084
0.464646 0.0685084
0.585859 0.076927
0.565657 0.075589
0.616162 0.0788914
0.545455 0.074227
0.585859 0.076927
0.565657 0.075589
0.525253 0.0728394
0.525253 0.0728394
0.535354 0.0735365
0.59596 0.0775873
0.505051 0.0714249
0.484848 0.0699819
0.525253 0.0728394
0.575758 0.076261
0.525253 0.0728394
0.565657 0.075589
0.585859 0.076927
0.575758 0.076261
0.494949 0.0707071
0.505051 0.0714249
0.626263 0.0795354
0.444444 0.0670025
0.515152 0.0721356
0.585859 0.076927
0.616162 0.0788914
0.515152 0.0721356
0.525253 0.0728394
0.545455 0.074227
0.454545 0.0677596
0.464646 0.0685084
0.464646 0.0685084
0.454545 0.0677596
0.606061 0.0782421
0.535354 0.0735365
0.494949 0.0707071
0.545455 0.074227
0.484848 0.0699819
0.505051 0.0714249
0.606061 0.0782421
0.454545 0.0677596
0.525253 0.0728394
0.505051 0.0714249
0.525253 0.0728394
0.474747 0.069249
0.484848 0.0699819
0.363636 0.0606061
0.484848 0.0699819
0.484848 0.0699819
0.494949 0.0707071
0.505051 0.0714249
0.59596 0.0775873
0.525253 0.0728394
0.535354 0.0735365
0.525253 0.0728394
0.484848 0.0699819
0.454545 0.0677596
0.575758 0.076261
0.494949 0.0707071
0.575758 0.076261
0.646465 0.0808081
0.505051 0.0714249
0.545455 0.074227
0.484848 0.0699819
0.474747 0.069249
0.525253 0.0728394
0.474747 0.069249
0.515152 0.0721356
0.545455 0.074227
0.525253 0.0728394
0.474747 0.069249
0.555556 0.0749111
0.494949 0.0707071
0.555556 0.0749111
0.454545 0.0677596
0.59596 0.0775873
0.424242 0.065462
0.505051 0.0714249
0.535354 0.0735365
0.505051 0.0714249
0.454545 0.0677596
0.505051 0.0714249
0.565657 0.075589
0.484848 0.0699819
0.575758 0.076261
0.575758 0.076261
0.505051 0.0714249
0.505051 0.0714249
0.424242 0.065462
0.464646 0.0685084
0.515152 0.0721356
0.454545 0.0677596
0.585859 0.076927
0.494949 0.0707071
0.545455 0.074227
0.525253 0.0728394
0.494949 0.0707071
0.575758 0.076261
0.515152 0.0721356
0.555556 0.0749111
0.494949 0.0707071
0.484848 0.0699819
0.535354 0.0735365
0.525253 0.0728394
0.464646 0.0685084
0.515152 0.0721356
0.525253 0.0728394
0.515152 0.0721356
0.575758 0.076261
0.626263 0.0795354
0.525253 0.0728394
0.454545 0.0677596
0.474747 0.069249
0.616162 0.0788914
0.414141 0.064678
0.616162 0.0788914
0.59596 0.0775873
0.424242 0.065462
0.575758 0.076261
0.505051 0.0714249
0.515152 0.0721356
0.59596 0.0775873
0.525253 0.0728394
0.565657 0.075589
0.505051 0.0714249
0.565657 0.075589
0.535354 0.0735365
0.545455 0.074227
0.585859 0.076927
0.59596 0.0775873
0.575758 0.076261
0.515152 0.0721356
0.545455 0.074227
0.494949 0.0707071
0.585859 0.076927
0.59596 0.0775873
0.515152 0.0721356
0.484848 0.0699819
0.535354 0.0735365
0.494949 0.0707071
0.585859 0.076927
0.59596 0.0775873
0.464646 0.0685084
0.484848 0.0699819
0.585859 0.076927
0.494949 0.0707071
0.545455 0.074227
0.535354 0.0735365
0.454545 0.0677596
0.616162 0.0788914
0.444444 0.0670025
0.515152 0.0721356
0.646465 0.0808081
0.555556 0.0749111
0.464646 0.0685084
0.545455 0.074227
0.494949 0.0707071
0.464646 0.0685084
0.525253 0.0728394
0.545455 0.074227
0.515152 0.0721356
0.484848 0.0699819
0.505051 0.0714249
0.444444 0.0670025
0.606061 0.0782421
0.515152 0.0721356
0.454545 0.0677596
0.565657 0.075589
0.474747 0.069249
0.484848 0.0699819
0.494949 0.0707071
0.515152 0.0721356
0.565657 0.075589
0.464646 0.0685084
0.555556 0.0749111
0.515152 0.0721356
0.575758 0.076261
0.606061 0.0782421
0.484848 0.0699819
0.454545 0.0677596
0.474747 0.069249
0.535354 0.0735365
0.505051 0.0714249
0.525253 0.0728394
0.555556 0.0749111
0.575758 0.076261
0.505051 0.0714249
0.59596 0.0775873
0.575758 0.076261
0.585859 0.076927
0.525253 0.0728394
0.474747 0.069249
0.555556 0.0749111
0.464646 0.0685084
0.545455 0.074227
0.454545 0.0677596
0.505051 0.0714249
0.585859 0.076927
0.565657 0.075589
0.494949 0.0707071
0.565657 0.075589
0.484848 0.0699819
0.545455 0.074227
0.565657 0.075589
0.494949 0.0707071
0.545455 0.074227
0.505051 0.0714249
0.565657 0.075589
0.505051 0.0714249
0.555556 0.0749111
0.535354 0.0735365
0.545455 0.074227
0.505051 0.0714249
0.505051 0.0714249
0.565657 0.075589
0.444444 0.0670025
0.494949 0.0707071
0.636364 0.0801743
0.525253 0.0728394
0.484848 0.0699819
0.565657 0.075589
0.484848 0.0699819
0.505051 0.0714249
0.555556 0.0749111
0.535354 0.0735365
0.454545 0.0677596
0.59596 0.0775873
0.565657 0.075589
0.494949 0.0707071
0.454545 0.0677596
0.484848 0.0699819
0.535354 0.0735365
0.545455 0.074227
0.575758 0.076261
0.535354 0.0735365
0.494949 0.0707071
0.474747 0.069249
0.515152 0.0721356
0.424242 0.065462
0.515152 0.0721356
0.505051 0.0714249
0.616162 0.0788914
0.59596 0.0775873
0.535354 0.0735365
0.535354 0.0735365
0.454545 0.0677596
0.484848 0.0699819
0.535354 0.0735365
0.515152 0.0721356
0.616162 0.0788914
0.515152 0.0721356
0.565657 0.075589
0.575758 0.076261
0.535354 0.0735365
0.515152 0.0721356
0.444444 0.0670025
0.555556 0.0749111
0.565657 0.075589
0.474747 0.069249
0.575758 0.076261
0.636364 0.0801743
0.525253 0.0728394
0.505051 0.0714249
0.545455 0.074227
0.494949 0.0707071
0.565657 0.075589
0.626263 0.0795354
0.545455 0.074227
0.424242 0.065462
0.545455 0.074227
0.424242 0.065462
0.565657 0.075589
0.575758 0.076261
0.515152 0.0721356
0.494949 0.0707071
0.575758 0.076261
0.515152 0.0721356
0.505051 0.0714249
0.565657 0.075589
0.575758 0.076261
0.494949 0.0707071
0.474747 0.069249
0.484848 0.0699819
0.575758 0.076261
0.666667 0.082061
0.494949 0.0707071
0.494949 0.0707071
0.464646 0.0685084
0.505051 0.0714249
0.494949 0.0707071
0.494949 0.0707071
0.555556 0.0749111
0.494949 0.0707071
0.494949 0.0707071
0.575758 0.076261
0.515152 0.0721356
0.515152 0.0721356
0.484848 0.0699819
0.606061 0.0782421
0.505051 0.0714249
0.494949 0.0707071
0.494949 0.0707071
0.535354 0.0735365
0.535354 0.0735365
0.565657 0.075589
0.575758 0.076261
0.59596 0.0775873
0.515152 0.0721356
0.555556 0.0749111
0.484848 0.0699819
0.555556 0.0749111
0.565657 0.075589
0.575758 0.076261
0.515152 0.0721356
0.525253 0.0728394
0.383838 0.0622668
0.444444 0.0670025
0.474747 0.069249
0.525253 0.0728394
0.606061 0.0782421
0.515152 0.0721356
0.525253 0.0728394
0.494949 0.0707071
0.464646 0.0685084
0.545455 0.074227
0.525253 0.0728394
0.535354 0.0735365
0.545455 0.074227
0.585859 0.076927
0.515152 0.0721356
0.505051 0.0714249
0.525253 0.0728394
0.545455 0.074227
0.575758 0.076261
0.585859 0.076927
0.525253 0.0728394
0.565657 0.075589
0.484848 0.0699819
0.585859 0.076927
0.515152 0.0721356
0.59596 0.0775873
0.656566 0.0814369
0.616162 0.0788914
0.464646 0.0685084
0.484848 0.0699819
0.515152 0.0721356
0.555556 0.0749111
0.606061 0.0782421
0.59596 0.0775873
0.545455 0.074227
0.505051 0.0714249
0.525253 0.0728394
0.444444 0.0670025
0.525253 0.0728394
0.585859 0.076927
0.515152 0.0721356
0.515152 0.0721356
0.575758 0.076261
0.474747 0.069249
0.59596 0.0775873
0.505051 0.0714249
0.515152 0.0721356
0.606061 0.0782421
0.525253 0.0728394
0.484848 0.0699819
0.565657 0.075589
0.565657 0.075589
0.535354 0.0735365
0.484848 0.0699819
0.40404 0.0638844
0.515152 0.0721356
0.565657 0.075589
0.444444 0.0670025
0.505051 0.0714249
0.545455 0.074227
0.525253 0.0728394
0.585859 0.076927
0.525253 0.0728394
0.474747 0.069249
0.484848 0.0699819
0.545455 0.074227
0.515152 0.0721356
0.484848 0.0699819
0.484848 0.0699819
0.666667 0.082061
0.565657 0.075589
0.555556 0.0749111
0.555556 0.0749111
0.505051 0.0714249
0.505051 0.0714249
0.555556 0.0749111
0.434343 0.0662368
0.494949 0.0707071
0.505051 0.0714249
0.505051 0.0714249
0.525253 0.0728394
0.545455 0.074227
0.474747 0.069249
0.525253 0.0728394
0.646465 0.0808081
0.525253 0.0728394
0.575758 0.076261
0.515152 0.0721356
0.555556 0.0749111
0.525253 0.0728394
0.434343 0.0662368
0.606061 0.0782421
0.525253 0.0728394
0.555556 0.0749111
0.515152 0.0721356
0.565657 0.075589
0.59596 0.0775873
0.525253 0.0728394
0.40404 0.0638844
0.545455 0.074227
0.525253 0.0728394
0.505051 0.0714249
0.575758 0.076261
0.515152 0.0721356
0.545455 0.074227
0.525253 0.0728394
0.565657 0.075589
0.444444 0.0670025
0.535354 0.0735365
0.575758 0.076261
0.444444 0.0670025
0.444444 0.0670025
0.535354 0.0735365
0.505051 0.0714249
0.525253 0.0728394
0.525253 0.0728394
0.585859 0.076927
0.454545 0.0677596
0.484848 0.0699819
0.535354 0.0735365
0.555556 0.0749111
0.484848 0.0699819
0.606061 0.0782421
0.535354 0.0735365
0.484848 0.0699819
0.454545 0.0677596
0.545455 0.074227
0.484848 0.0699819
0.474747 0.069249
0.505051 0.0714249
0.515152 0.0721356
0.585859 0.076927
0.525253 0.0728394
0.434343 0.0662368
0.464646 0.0685084
0.494949 0.0707071
0.515152 0.0721356
0.505051 0.0714249
0.505051 0.0714249
0.535354 0.0735365
0.545455 0.074227
0.484848 0.0699819
0.40404 0.0638844
0.555556 0.0749111
0.494949 0.0707071
0.535354 0.0735365
0.515152 0.0721356
0.474747 0.069249
0.575758 0.076261
0.444444 0.0670025
0.525253 0.0728394
0.464646 0.0685084
0.474747 0.069249
0.474747 0.069249
0.484848 0.0699819
0.494949 0.0707071
0.545455 0.074227
0.535354 0.0735365
0.555556 0.0749111
0.535354 0.0735365
0.424242 0.065462
0.484848 0.0699819
0.474747 0.069249
0.474747 0.069249
0.515152 0.0721356
0.585859 0.076927
0.565657 0.075589
0.555556 0.0749111
0.535354 0.0735365
0.414141 0.064678
0.464646 0.0685084
0.525253 0.0728394
0.555556 0.0749111
0.484848 0.0699819
0.555556 0.0749111
0.535354 0.0735365
0.555556 0.0749111
0.505051 0.0714249
0.515152 0.0721356
0.575758 0.076261
0.434343 0.0662368
0.515152 0.0721356
0.484848 0.0699819
0.414141 0.064678
0.494949 0.0707071
0.454545 0.0677596
0.606061 0.0782421
0.565657 0.075589
0.505051 0.0714249
0.545455 0.074227
0.565657 0.075589
0.535354 0.0735365
0.505051 0.0714249
0.454545 0.0677596
0.545455 0.074227
0.565657 0.075589
0.555556 0.0749111
0.59596 0.0775873
0.515152 0.0721356
0.515152 0.0721356
0.444444 0.0670025
0.535354 0.0735365
0.474747 0.069249
0.494949 0.0707071
0.626263 0.0795354
0.626263 0.0795354
0.525253 0.0728394
0.515152 0.0721356
0.535354 0.0735365
0.535354 0.0735365
0.585859 0.076927
0.474747 0.069249
0.494949 0.0707071
0.585859 0.076927
0.686869 0.0832951
0.565657 0.075589
0.555556 0.0749111
0.484848 0.0699819
0.545455 0.074227
0.525253 0.0728394
0.505051 0.0714249
0.626263 0.0795354
0.464646 0.0685084
0.444444 0.0670025
0.505051 0.0714249
0.535354 0.0735365
0.484848 0.0699819
0.484848 0.0699819
0.444444 0.0670025
0.505051 0.0714249
0.565657 0.075589
0.545455 0.074227
0.585859 0.076927
0.494949 0.0707071
0.565657 0.075589
0.525253 0.0728394
0.525253 0.0728394
0.565657 0.075589
0.535354 0.0735365
0.535354 0.0735365
0.535354 0.0735365
0.505051 0.0714249
0.484848 0.0699819
0.535354 0.0735365
0.515152 0.0721356
0.59596 0.0775873
0.545455 0.074227
0.414141 0.064678
0.565657 0.075589
0.505051 0.0714249
0.585859 0.076927
0.484848 0.0699819
0.545455 0.074227
0.414141 0.064678
0.606061 0.0782421
0.626263 0.0795354
0.484848 0.0699819
0.535354 0.0735365
0.555556 0.0749111
0.59596 0.0775873
0.505051 0.0714249
0.434343 0.0662368
0.525253 0.0728394
0.535354 0.0735365
0.535354 0.0735365
0.474747 0.069249
0.454545 0.0677596
0.545455 0.074227
0.707071 0.0845111
0.393939 0.0630808
0.434343 0.0662368
0.484848 0.0699819
0.525253 0.0728394
0.515152 0.0721356
0.454545 0.0677596
0.525253 0.0728394
0.494949 0.0707071
0.59596 0.0775873
0.484848 0.0699819
0.444444 0.0670025
0.40404 0.0638844
0.505051 0.0714249
0.565657 0.075589
0.464646 0.0685084
0.515152 0.0721356
0.464646 0.0685084
0.535354 0.0735365
0.555556 0.0749111
0.585859 0.076927
0.555556 0.0749111
0.424242 0.065462
0.494949 0.0707071
0.545455 0.074227
0.545455 0.074227
0.575758 0.076261
0.474747 0.069249
0.626263 0.0795354
0.525253 0.0728394
0.494949 0.0707071
0.505051 0.0714249
0.59596 0.0775873
0.484848 0.0699819
0.464646 0.0685084
0.545455 0.074227
0.575758 0.076261
0.59596 0.0775873
0.616162 0.0788914
0.545455 0.074227
0.575758 0.076261
0.505051 0.0714249
0.393939 0.0630808
0.575758 0.076261
0.555556 0.0749111
0.626263 0.0795354
0.575758 0.076261
0.525253 0.0728394
0.484848 0.0699819
0.585859 0.076927
0.59596 0.0775873
0.474747 0.069249
0.545455 0.074227
0.505051 0.0714249
0.505051 0.0714249
0.535354 0.0735365
0.555556 0.0749111
0.484848 0.0699819
0.585859 0.076927
0.575758 0.076261
0.626263 0.0795354
0.575758 0.076261
0.505051 0.0714249
0.515152 0.0721356
0.535354 0.0735365
0.424242 0.065462
0.555556 0.0749111
0.555556 0.0749111
0.565657 0.075589
0.535354 0.0735365
0.555556 0.0749111
0.484848 0.0699819
0.464646 0.0685084
0.464646 0.0685084
0.373737 0.061442
0.525253 0.0728394
0.545455 0.074227
0.525253 0.0728394
0.464646 0.0685084
0.494949 0.0707071
0.494949 0.0707071
0.535354 0.0735365
0.474747 0.069249
0.626263 0.0795354
0.515152 0.0721356
0.535354 0.0735365
0.555556 0.0749111
0.484848 0.0699819
0.494949 0.0707071
0.434343 0.0662368
0.565657 0.075589
0.484848 0.0699819
0.545455 0.074227
0.575758 0.076261
0.454545 0.0677596
0.555556 0.0749111
0.484848 0.0699819
0.565657 0.075589
0.606061 0.0782421
0.555556 0.0749111
0.484848 0.0699819
0.555556 0.0749111
0.535354 0.0735365
0.525253 0.0728394
0.515152 0.0721356
0.40404 0.0638844
0.444444 0.0670025
0.585859 0.076927
0.464646 0.0685084
0.545455 0.074227
0.535354 0.0735365
0.575758 0.076261
0.505051 0.0714249
0.575758 0.076261
0.515152 0.0721356
0.474747 0.069249
0.555556 0.0749111
0.474747 0.069249
0.525253 0.0728394
0.545455 0.074227
0.535354 0.0735365
0.464646 0.0685084
0.424242 0.065462
0.474747 0.069249
0.494949 0.0707071
0.515152 0.0721356
0.545455 0.074227
0.585859 0.076927
0.555556 0.0749111
0.474747 0.069249
0.585859 0.076927
0.565657 0.075589
0.474747 0.069249
0.505051 0.0714249
0.484848 0.0699819
0.646465 0.0808081
0.535354 0.0735365
0.494949 0.0707071
0.484848 0.0699819
0.535354 0.0735365
0.525253 0.0728394
0.535354 0.0735365
0.565657 0.075589
0.585859 0.076927
0.555556 0.0749111
0.505051 0.0714249
0.474747 0.069249
0.505051 0.0714249
0.575758 0.076261
0.545455 0.074227
0.505051 0.0714249
0.59596 0.0775873
0.484848 0.0699819
0.565657 0.075589
0.484848 0.0699819
0.565657 0.075589
0.525253 0.0728394
0.515152 0.0721356
0.434343 0.0662368
0.606061 0.0782421
0.585859 0.076927
0.545455 0.074227
0.464646 0.0685084
0.545455 0.074227
0.535354 0.0735365
0.555556 0.0749111
0.555556 0.0749111
0.414141 0.064678
0.545455 0.074227
0.535354 0.0735365
0.515152 0.0721356
0.616162 0.0788914
0.434343 0.0662368
0.585859 0.076927
0.535354 0.0735365
0.484848 0.0699819
0.525253 0.0728394
0.525253 0.0728394
0.474747 0.069249
0.575758 0.076261
0.484848 0.0699819
0.565657 0.075589
0.535354 0.0735365
0.424242 0.065462
0.545455 0.074227
0.575758 0.076261
0.494949 0.0707071
0.585859 0.076927
0.555556 0.0749111
0.636364 0.0801743
0.444444 0.0670025
0.515152 0.0721356
0.555556 0.0749111
0.464646 0.0685084
0.545455 0.074227
0.474747 0.069249
0.545455 0.074227
0.565657 0.075589
0.545455 0.074227
0.535354 0.0735365
0.575758 0.076261
0.515152 0.0721356
0.494949 0.0707071
0.535354 0.0735365
0.565657 0.075589
0.525253 0.0728394
0.535354 0.0735365
0.545455 0.074227
0.515152 0.0721356
0.484848 0.0699819
0.474747 0.069249
0.555556 0.0749111
0.525253 0.0728394
0.494949 0.0707071
0.575758 0.076261
0.515152 0.0721356
0.606061 0.0782421
0.606061 0.0782421
0.575758 0.076261
0.484848 0.0699819
0.444444 0.0670025
0.535354 0.0735365
0.565657 0.075589
0.515152 0.0721356
0.525253 0.0728394
0.494949 0.0707071
0.555556 0.0749111
0.383838 0.0622668
0.545455 0.074227
0.494949 0.0707071
0.535354 0.0735365
0.555556 0.0749111
0.484848 0.0699819
0.505051 0.0714249
0.575758 0.076261
0.515152 0.0721356
0.515152 0.0721356
0.535354 0.0735365
0.494949 0.0707071
0.535354 0.0735365
0.434343 0.0662368
0.606061 0.0782421
0.585859 0.076927
0.474747 0.069249
0.606061 0.0782421
0.515152 0.0721356
0.535354 0.0735365
0.474747 0.069249
0.575758 0.076261
0.414141 0.064678
0.505051 0.0714249
0.565657 0.075589
0.464646 0.0685084
0.555556 0.0749111
0.474747 0.069249
0.646465 0.0808081
0.444444 0.0670025
0.505051 0.0714249
0.535354 0.0735365
0.484848 0.0699819
0.616162 0.0788914
0.565657 0.075589
0.484848 0.0699819
0.525253 0.0728394
0.515152 0.0721356
0.494949 0.0707071
0.454545 0.0677596
0.555556 0.0749111
0.494949 0.0707071
0.474747 0.069249
0.535354 0.0735365
0.434343 0.0662368
0.494949 0.0707071
0.59596 0.0775873
0.545455 0.074227
0.505051 0.0714249
0.494949 0.0707071
0.626263 0.0795354
0.515152 0.0721356
0.454545 0.0677596
0.59596 0.0775873
0.535354 0.0735365
0.575758 0.076261
0.515152 0.0721356
0.515152 0.0721356
0.525253 0.0728394
0.545455 0.074227
0.59596 0.0775873
0.575758 0.076261
0.525253 0.0728394
0.515152 0.0721356
0.535354 0.0735365
0.525253 0.0728394
0.59596 0.0775873
0.525253 0.0728394
0.535354 0.0735365
0.555556 0.0749111
0.555556 0.0749111
0.505051 0.0714249
0.555556 0.0749111
0.646465 0.0808081
0.454545 0.0677596
0.525253 0.0728394
0.525253 0.0728394
0.494949 0.0707071
0.414141 0.064678
0.535354 0.0735365
0.525253 0.0728394
0.484848 0.0699819
0.505051 0.0714249
0.545455 0.074227
0.515152 0.0721356
0.494949 0.0707071
0.666667 0.082061
0.525253 0.0728394
0.585859 0.076927
0.545455 0.074227
0.555556 0.0749111
0.515152 0.0721356
0.606061 0.0782421
0.464646 0.0685084
0.525253 0.0728394
0.646465 0.0808081
0.444444 0.0670025
0.515152 0.0721356
0.505051 0.0714249
0.525253 0.0728394
0.474747 0.069249
0.474747 0.069249
0.474747 0.069249
0.454545 0.0677596
0.535354 0.0735365
0.535354 0.0735365
0.565657 0.075589
0.545455 0.074227
0.515152 0.0721356
0.424242 0.065462
0.575758 0.076261
0.484848 0.0699819
0.484848 0.0699819
0.494949 0.0707071
0.464646 0.0685084
0.494949 0.0707071
0.525253 0.0728394
0.606061 0.0782421
0.616162 0.0788914
0.585859 0.076927
0.535354 0.0735365
0.494949 0.0707071
0.555556 0.0749111
0.535354 0.0735365
0.535354 0.0735365
0.585859 0.076927
0.494949 0.0707071
0.626263 0.0795354
0.535354 0.0735365
0.535354 0.0735365
0.484848 0.0699819
0.535354 0.0735365
0.606061 0.0782421
0.585859 0.076927
0.565657 0.075589
0.474747 0.069249
0.515152 0.0721356
0.585859 0.076927
0.565657 0.075589
0.575758 0.076261
0.454545 0.0677596
0.525253 0.0728394
0.616162 0.0788914
0.474747 0.069249
0.494949 0.0707071
0.484848 0.0699819
0.565657 0.075589
0.515152 0.0721356
0.575758 0.076261
0.474747 0.069249
0.575758 0.076261
0.59596 0.0775873
0.535354 0.0735365
0.494949 0.0707071
0.515152 0.0721356
0.535354 0.0735365
0.545455 0.074227
0.484848 0.0699819
0.484848 0.0699819
0.494949 0.0707071
0.565657 0.075589
0.474747 0.069249
0.545455 0.074227
0.505051 0.0714249
0.484848 0.0699819
0.535354 0.0735365
0.494949 0.0707071
0.454545 0.0677596
0.434343 0.0662368
0.464646 0.0685084
0.484848 0.0699819
0.565657 0.075589
0.444444 0.0670025
