0 6.79257 7.04383  6.79257
3.212 6.76412 7.01525  6.77124
6.424 6.68798 6.93896  6.70753
9.636 6.75604 7.0144  6.60225
12.848 7.13658 7.4174  6.4567
16.06 7.62838 7.93929  6.27272
19.272 7.70588 8.03216  6.05262
22.484 7.66004 8.00063  5.79916
25.696 8.00829 8.38587  5.51553
28.908 8.04842 8.45468  5.20528
32.12 8.25089 8.70061  4.87232
35.332 8.48273 8.98894  4.52082
38.544 8.49398 9.05533  4.1552
41.756 8.78484 9.43645  3.78005
44.968 9.04652 9.80853  3.40008
48.18 9.29431 10.2031  3.02006
51.392 9.30236