0 193.989 201.174  193.989
3.212 193.89 201.096  193.38
6.424 195.227 202.562  191.561
9.636 196.188 203.694  188.554
12.848 197.524 205.275  184.397
16.06 199.653 207.752  179.143
19.272 201.23 209.735  172.857
22.484 202.886 211.895  165.618
25.696 207.046 216.789  157.518
28.908 210.79 221.404  148.658
32.12 215.341 227.059  139.149
35.332 219.668 232.731  129.11
38.544 224.752 239.545  118.668
41.756 230.105 247.09  107.955
44.968 236.44 256.334  97.103
48.18 241.829 265.447  86.25
51.392 246.908 275.504  75.532
54.604 252.041 287.616  65.0835
57.816 254.202 299.438  55.0358
61.028 251.974 311.146  45.5149
64.24 242.825 323.059  36.6406
67.452 219.971 333.327  28.5241
70.664 170.207 336.703  21.2674
73.876 92.3914 327.017  14.9618
77.088 28.2933 294.323  9.68623
