0 132.869 155.754  132.869
3.212 132.658 155.606  132.452
6.424 132.628 155.869  131.205
9.636 132.431 156.143  129.146
12.848 132.953 157.506  126.299
16.06 132.653 158.157  122.7
19.272 132.782 159.622  118.395
22.484 131.606 159.861  113.437
25.696 131.948 162.398  107.889
28.908 131.061 163.995  101.82
32.12 130.146 166.274  95.3069
35.332 128.498 168.546  88.4313
38.544 125.492 170.257  81.2794
41.756 121.45 172.252  73.9411
44.968 115.967 174.584  66.5086
48.18 107.828 176.358  59.0751
51.392 96.0671 177.486  51.734
54.604 79.1964 177.791  44.5776
57.816 51.9934 176.831  37.6956
61.028 22.8151 173.476  31.1745
64.24 3.91793 166.927  25.0962
67.452 0 155.273  19.537
70.664 0 136.329  14.5667
73.876 0 108.117  10.2477
77.088 0 69.7483  6.63438
