0 66.3934 68.8523  66.3934
3.212 66.0314 68.4859  66.185
6.424 65.2498 67.7016  65.5623
9.636 63.8923 66.3365  64.5332
12.848 62.4156 64.8653  63.1105
16.06 60.1207 62.5602  61.3122
19.272 57.6354 60.0721  59.1609
22.484 54.2689 56.6786  56.6835
25.696 51.2846 53.6983  53.9111
28.908 47.6395 50.0388  50.8786
32.12 43.9033 46.2935  47.6241
35.332 39.9325 42.3083  44.1884
38.544 35.691 38.0397  40.6147
41.756 31.4636 33.7865  36.9478
44.968 27.3127 29.6107  33.2338
48.18 23.1702 25.4321  29.5194
51.392 19.142 21.359  25.8511
54.604 15.3157 17.4779  22.2751
57.816 11.7581 13.8514  18.8362
61.028 8.51073 10.5107  15.5776
64.24 5.6646 7.5402  12.5403
67.452 3.28189 4.98162  9.76246
70.664 1.44955 2.89389  7.27885
73.876 0.358909 1.33708  5.12071
77.088 0.0324084 0.364217  3.31514
