0 66.3934 68.8523  66.3934
3.212 65.3804 67.8104  66.185
6.424 64.0481 66.4544  65.5623
9.636 61.661 64.02  64.5332
12.848 58.426 60.7188  63.1105
16.06 54.5097 56.7211  61.3122
19.272 49.6954 51.7957  59.1609
22.484 44.4159 46.3881  56.6835
25.696 39.4091 41.2636  53.9111
28.908 34.2579 35.9829  50.8786
32.12 29.39 30.9893  47.6241
35.332 24.7966 26.2712  44.1884
38.544 20.6897 22.0514  40.6147
41.756 17.043 18.301  36.9478
44.968 13.9018 15.0714  33.2338
48.18 11.1289 12.2158  29.5194
51.392 8.75535 9.76937  25.8511
54.604 6.76193 7.71637  22.2751
57.816 5.046 5.94396  18.8362
61.028 3.59682 4.44147  15.5776
64.24 2.39944 3.19226  12.5403
67.452 1.42581 2.16056  9.76246
70.664 0.666567 1.3186  7.27885
73.876 0.189509 0.670764  5.12071
77.088 0.0219576 0.228415  3.31514
