0 193.989 201.174  193.989
3.212 193.861 201.068  193.38
6.424 194.356 201.659  191.561
9.636 194.976 202.434  188.554
12.848 197.079 204.815  184.397
16.06 198.425 206.477  179.143
19.272 200.924 209.419  172.857
22.484 202.016 210.986  165.618
25.696 206.185 215.889  157.518
28.908 209.359 219.903  148.658
32.12 213.613 225.243  139.149
35.332 218.086 231.061  129.11
38.544 222.078 236.692  118.668
41.756 226.724 243.463  107.955
44.968 232.105 251.633  97.103
48.18 237.005 260.141  86.25
51.392 241.257 269.2  75.532
54.604 244.421 278.927  65.0835
57.816 245.453 289.151  55.0358
61.028 241.856 298.69  45.5149
64.24 230.554 306.892  36.6406
67.452 204.777 310.833  28.5241
70.664 152.975 305.401  21.2674
73.876 75.2764 280.433  14.9618
77.088 19.1119 214.787  9.68623
