0	0	0	0	0
0.01	1.5	1	-0	0.5
0.02	1.49998	1.005	-0.00499992	0.499975
0.03	1.4999	1.01	-0.00999933	0.4999
0.04	1.49978	1.015	-0.0149978	0.499775
0.05	1.4996	1.01999	-0.0199947	0.4996
0.06	1.49938	1.02499	-0.0249896	0.499375
0.07	1.4991	1.02998	-0.029982	0.4991
0.08	1.49878	1.03497	-0.0349714	0.498776
0.09	1.4984	1.03996	-0.0399573	0.498401
0.1	1.49798	1.04494	-0.0449393	0.497976
0.11	1.4975	1.04992	-0.0499167	0.497502
0.12	1.49698	1.05489	-0.0548892	0.496978
0.13	1.4964	1.05986	-0.0598561	0.496404
0.14	1.49578	1.06482	-0.0648171	0.495781
0.15	1.49511	1.06977	-0.0697716	0.495108
0.16	1.49439	1.07472	-0.0747191	0.494386
0.17	1.49361	1.07966	-0.0796591	0.493614
0.18	1.49279	1.08459	-0.0845912	0.492792
0.19	1.49192	1.08951	-0.0895148	0.491922
0.2	1.491	1.09443	-0.0944294	0.491002
0.21	1.49003	1.09933	-0.0993347	0.490033
0.22	1.48902	1.10423	-0.10423	0.489015
0.23	1.48795	1.10911	-0.109115	0.487949
0.24	1.48683	1.11399	-0.113989	0.486833
0.25	1.48567	1.11885	-0.118851	0.485669
0.26	1.48446	1.1237	-0.123702	0.484456
0.27	1.48319	1.12854	-0.12854	0.483195
0.28	1.48189	1.13337	-0.133366	0.481885
0.29	1.48053	1.13818	-0.138178	0.480528
0.3	1.47912	1.14298	-0.142976	0.479122
0.31	1.47767	1.14776	-0.14776	0.477668
0.32	1.47617	1.15253	-0.152529	0.476167
0.33	1.47462	1.15728	-0.157283	0.474618
0.34	1.47302	1.16202	-0.162022	0.473021
0.35	1.47138	1.16674	-0.166744	0.471377
0.36	1.46969	1.17145	-0.171449	0.469686
0.37	1.46795	1.17614	-0.176137	0.467948
0.38	1.46616	1.18081	-0.180808	0.466164
0.39	1.46433	1.18546	-0.18546	0.464332
0.4	1.46245	1.19009	-0.190094	0.462455
0.41	1.46053	1.19471	-0.194709	0.46053
0.42	1.45856	1.1993	-0.199305	0.45856
0.43	1.45654	1.20388	-0.20388	0.456544
0.44	1.45448	1.20844	-0.208435	0.454483
0.45	1.45238	1.21297	-0.21297	0.452376
0.46	1.45022	1.21748	-0.217483	0.450224
0.47	1.44803	1.22197	-0.221974	0.448026
0.48	1.44578	1.22644	-0.226443	0.445784
0.49	1.4435	1.23089	-0.23089	0.443497
0.5	1.44117	1.23531	-0.235313	0.441166
0.51	1.43879	1.23971	-0.239713	0.438791
0.52	1.43637	1.24409	-0.244089	0.436372
0.53	1.43391	1.24844	-0.24844	0.43391
0.54	1.4314	1.25277	-0.252767	0.431404
0.55	1.42885	1.25707	-0.257068	0.428854
0.56	1.42626	1.26134	-0.261344	0.426262
0.57	1.42363	1.26559	-0.265593	0.423628
0.58	1.42095	1.26982	-0.269816	0.42095
0.59	1.41823	1.27401	-0.274012	0.418231
0.6	1.41547	1.27818	-0.278181	0.41547
0.61	1.41267	1.28232	-0.282321	0.412668
0.62	1.40982	1.28643	-0.286434	0.409824
0.63	1.40694	1.29052	-0.290518	0.406939
0.64	1.40401	1.29457	-0.294572	0.404014
0.65	1.40105	1.2986	-0.298598	0.401048
0.66	1.39804	1.30259	-0.302593	0.398042
0.67	1.395	1.30656	-0.306558	0.394996
0.68	1.39191	1.31049	-0.310493	0.391911
0.69	1.38879	1.3144	-0.314397	0.388786
0.7	1.38562	1.31827	-0.318269	0.385623
0.71	1.38242	1.32211	-0.322109	0.382421
0.72	1.37918	1.32592	-0.325917	0.379181
0.73	1.3759	1.32969	-0.329692	0.375903
0.74	1.37259	1.33343	-0.333435	0.372587
0.75	1.36923	1.33714	-0.337144	0.369234
0.76	1.36584	1.34082	-0.340819	0.365844
0.77	1.36242	1.34446	-0.344461	0.362418
0.78	1.35896	1.34807	-0.348068	0.358955
0.79	1.35546	1.35164	-0.35164	0.355457
0.8	1.35192	1.35518	-0.355177	0.351923
0.81	1.34835	1.35868	-0.358678	0.348353
0.82	1.34475	1.36214	-0.362144	0.344749
0.83	1.34111	1.36557	-0.365573	0.341111
0.84	1.33744	1.36897	-0.368966	0.337438
0.85	1.33373	1.37232	-0.372322	0.333731
0.86	1.32999	1.37564	-0.37564	0.329992
0.87	1.32622	1.37892	-0.378921	0.326219
0.88	1.32241	1.38216	-0.382164	0.322413
0.89	1.31858	1.38537	-0.385369	0.318576
0.9	1.31471	1.38854	-0.388536	0.314706
0.91	1.3108	1.39166	-0.391663	0.310805
0.92	1.30687	1.39475	-0.394752	0.306873
0.93	1.30291	1.3978	-0.397801	0.30291
0.94	1.29892	1.40081	-0.40081	0.298917
0.95	1.29489	1.40378	-0.403779	0.294894
0.96	1.29084	1.40671	-0.406708	0.290842
0.97	1.28676	1.4096	-0.409596	0.28676
0.98	1.28265	1.41244	-0.412443	0.28265
0.99	1.27851	1.41525	-0.415249	0.278511
1	1.27434	1.41801	-0.418013	0.274345
1.01	1.27015	1.42074	-0.420735	0.270151
1.02	1.26593	1.42342	-0.423416	0.26593
1.03	1.26168	1.42605	-0.426054	0.261683
1.04	1.25741	1.42865	-0.428649	0.257409
1.05	1.25311	1.4312	-0.431202	0.25311
1.06	1.24879	1.43371	-0.433712	0.248786
1.07	1.24444	1.43618	-0.436178	0.244436
1.08	1.24006	1.4386	-0.4386	0.240062
1.09	1.23566	1.44098	-0.440979	0.235664
1.1	1.23124	1.44331	-0.443313	0.231243
1.11	1.2268	1.4456	-0.445604	0.226798
1.12	1.22233	1.44785	-0.447849	0.222331
1.13	1.21784	1.45005	-0.45005	0.217841
1.14	1.21333	1.45221	-0.452206	0.21333
1.15	1.2088	1.45432	-0.454317	0.208797
1.16	1.20424	1.45638	-0.456382	0.204244
1.17	1.19967	1.4584	-0.458402	0.19967
1.18	1.19508	1.46038	-0.460375	0.195076
1.19	1.19046	1.4623	-0.462303	0.190462
1.2	1.18583	1.46418	-0.464184	0.18583
1.21	1.18118	1.46602	-0.46602	0.181179
1.22	1.17651	1.46781	-0.467808	0.17651
1.23	1.17182	1.46955	-0.46955	0.171823
1.24	1.16712	1.47124	-0.471244	0.167119
1.25	1.1624	1.47289	-0.472892	0.162398
1.26	1.15766	1.47449	-0.474492	0.157661
1.27	1.15291	1.47605	-0.476045	0.152908
1.28	1.14814	1.47755	-0.47755	0.14814
1.29	1.14336	1.47901	-0.479008	0.143358
1.3	1.13856	1.48042	-0.480418	0.13856
1.31	1.13375	1.48178	-0.481779	0.133749
1.32	1.12893	1.48309	-0.483092	0.128925
1.33	1.12409	1.48436	-0.484358	0.124088
1.34	1.11924	1.48557	-0.485574	0.119238
1.35	1.11438	1.48674	-0.486742	0.114376
1.36	1.1095	1.48786	-0.487862	0.109503
1.37	1.10462	1.48893	-0.488932	0.104619
1.38	1.09972	1.48995	-0.489954	0.0997249
1.39	1.09482	1.49093	-0.490927	0.0948204
1.4	1.08991	1.49185	-0.49185	0.0899065
1.41	1.08498	1.49272	-0.492725	0.0849836
1.42	1.08005	1.49355	-0.49355	0.0800522
1.43	1.07511	1.49433	-0.494326	0.0751127
1.44	1.07017	1.49505	-0.495052	0.0701658
1.45	1.06521	1.49573	-0.495729	0.0652119
1.46	1.06025	1.49636	-0.496356	0.0602514
1.47	1.05528	1.49693	-0.496934	0.0552849
1.48	1.05031	1.49746	-0.497462	0.0503129
1.49	1.04534	1.49794	-0.49794	0.0453358
1.5	1.04035	1.49837	-0.498369	0.0403542
1.51	1.03537	1.49875	-0.498747	0.0353686
1.52	1.03038	1.49908	-0.499076	0.0303794
1.53	1.02539	1.49936	-0.499355	0.0253872
1.54	1.02039	1.49958	-0.499584	0.0203925
1.55	1.0154	1.49976	-0.499763	0.0153957
1.56	1.0104	1.49989	-0.499892	0.0103974
1.57	1.0054	1.49997	-0.499971	0.00539806
1.58	1.0004	1.5	-0.5	0.000398163
1.59	0.995398	1.49998	-0.499979	-0.00460177
1.6	0.990399	1.49991	-0.499908	-0.00960125
1.61	0.9854	1.49979	-0.499787	-0.0145998
1.62	0.980403	1.49962	-0.499616	-0.0195968
1.63	0.975408	1.49939	-0.499395	-0.0245919
1.64	0.970415	1.49912	-0.499124	-0.0295845
1.65	0.965426	1.4988	-0.498803	-0.0345742
1.66	0.96044	1.49843	-0.498433	-0.0395604
1.67	0.955457	1.49801	-0.498012	-0.0445427
1.68	0.950479	1.49754	-0.497542	-0.0495205
1.69	0.945507	1.49702	-0.497022	-0.0544934
1.7	0.940539	1.49645	-0.496452	-0.0594608
1.71	0.935578	1.49583	-0.495832	-0.0644222
1.72	0.930623	1.49516	-0.495163	-0.0693773
1.73	0.925675	1.49444	-0.494445	-0.0743254
1.74	0.920734	1.49368	-0.493677	-0.079266
1.75	0.915801	1.49286	-0.49286	-0.0841987
1.76	0.910877	1.49199	-0.491993	-0.089123
1.77	0.905962	1.49108	-0.491077	-0.0940384
1.78	0.901056	1.49011	-0.490112	-0.0989444
1.79	0.896159	1.4891	-0.489098	-0.103841
1.8	0.891274	1.48804	-0.488035	-0.108726
1.81	0.886399	1.48692	-0.486924	-0.113601
1.82	0.881535	1.48576	-0.485763	-0.118465
1.83	0.876684	1.48455	-0.484555	-0.123316
1.84	0.871845	1.4833	-0.483297	-0.128155
1.85	0.867018	1.48199	-0.481991	-0.132982
1.86	0.862205	1.48064	-0.480638	-0.137795
1.87	0.857405	1.47924	-0.479236	-0.142595
1.88	0.85262	1.47779	-0.477786	-0.14738
1.89	0.84785	1.47629	-0.476288	-0.15215
1.9	0.843095	1.47474	-0.474743	-0.156905
1.91	0.838355	1.47315	-0.47315	-0.161645
1.92	0.833632	1.47151	-0.47151	-0.166368
1.93	0.828925	1.46982	-0.469823	-0.171075
1.94	0.824236	1.46809	-0.468089	-0.175764
1.95	0.819564	1.46631	-0.466308	-0.180436
1.96	0.81491	1.46448	-0.46448	-0.18509
1.97	0.810274	1.46261	-0.462606	-0.189726
1.98	0.805658	1.46069	-0.460685	-0.194342
1.99	0.801061	1.45872	-0.458719	-0.198939
2	0.796483	1.45671	-0.456707	-0.203517
2.01	0.791927	1.45465	-0.454649	-0.208073
2.02	0.787391	1.45255	-0.452545	-0.212609
2.03	0.782876	1.4504	-0.450397	-0.217124
2.04	0.778383	1.4482	-0.448203	-0.221617
2.05	0.773912	1.44596	-0.445964	-0.226088
2.06	0.769464	1.44368	-0.443681	-0.230536
2.07	0.765038	1.44135	-0.441354	-0.234962
2.08	0.760637	1.43898	-0.438982	-0.239363
2.09	0.756259	1.43657	-0.436566	-0.243741
2.1	0.751906	1.43411	-0.434107	-0.248094
2.11	0.747577	1.4316	-0.431605	-0.252423
2.12	0.743274	1.42906	-0.429059	-0.256726
2.13	0.738996	1.42647	-0.42647	-0.261004
2.14	0.734744	1.42384	-0.423839	-0.265256
2.15	0.730519	1.42117	-0.421165	-0.269481
2.16	0.726321	1.41845	-0.418449	-0.273679
2.17	0.72215	1.41569	-0.415692	-0.27785
2.18	0.718007	1.41289	-0.412892	-0.281993
2.19	0.713893	1.41005	-0.410052	-0.286107
2.2	0.709807	1.40717	-0.40717	-0.290193
2.21	0.705749	1.40425	-0.404248	-0.294251
2.22	0.701722	1.40129	-0.401286	-0.298278
2.23	0.697724	1.39828	-0.398283	-0.302276
2.24	0.693756	1.39524	-0.39524	-0.306244
2.25	0.689819	1.39216	-0.392158	-0.310181
2.26	0.685913	1.38904	-0.389037	-0.314087
2.27	0.682039	1.38588	-0.385876	-0.317961
2.28	0.678196	1.38268	-0.382677	-0.321804
2.29	0.674385	1.37944	-0.37944	-0.325615
2.3	0.670607	1.37617	-0.376165	-0.329393
2.31	0.666862	1.37285	-0.372853	-0.333138
2.32	0.66315	1.3695	-0.369503	-0.33685
2.33	0.659472	1.36612	-0.366116	-0.340528
2.34	0.655828	1.36269	-0.362692	-0.344172
2.35	0.652218	1.35923	-0.359232	-0.347782
2.36	0.648643	1.35574	-0.355737	-0.351357
2.37	0.645104	1.35221	-0.352205	-0.354896
2.38	0.641599	1.34864	-0.348639	-0.358401
2.39	0.638131	1.34504	-0.345037	-0.361869
2.4	0.634699	1.3414	-0.341402	-0.365301
2.41	0.631303	1.33773	-0.337732	-0.368697
2.42	0.627944	1.33403	-0.334028	-0.372056
2.43	0.624623	1.33029	-0.330291	-0.375377
2.44	0.621339	1.32652	-0.32652	-0.378661
2.45	0.618092	1.32272	-0.322717	-0.381908
2.46	0.614884	1.31888	-0.318882	-0.385116
2.47	0.611715	1.31502	-0.315015	-0.388285
2.48	0.608584	1.31112	-0.311117	-0.391416
2.49	0.605493	1.30719	-0.307187	-0.394507
2.5	0.602441	1.30323	-0.303227	-0.397559
2.51	0.599428	1.29924	-0.299236	-0.400572
2.52	0.596456	1.29522	-0.295215	-0.403544
2.53	0.593524	1.29117	-0.291165	-0.406476
2.54	0.590633	1.28709	-0.287086	-0.409367
2.55	0.587782	1.28298	-0.282978	-0.412218
2.56	0.584973	1.27884	-0.278842	-0.415027
2.57	0.582206	1.27468	-0.274678	-0.417794
2.58	0.57948	1.27049	-0.270486	-0.42052
2.59	0.576796	1.26627	-0.266267	-0.423204
2.6	0.574155	1.26202	-0.262022	-0.425845
2.61	0.571556	1.25775	-0.257751	-0.428444
2.62	0.569	1.25345	-0.253453	-0.431
2.63	0.566487	1.24913	-0.249131	-0.433513
2.64	0.564017	1.24478	-0.244783	-0.435983
2.65	0.561591	1.24041	-0.240411	-0.438409
2.66	0.559209	1.23602	-0.236015	-0.440791
2.67	0.556871	1.2316	-0.231596	-0.443129
2.68	0.554577	1.22715	-0.227153	-0.445423
2.69	0.552328	1.22269	-0.222687	-0.447672
2.7	0.550123	1.2182	-0.2182	-0.449877
2.71	0.547964	1.21369	-0.21369	-0.452036
2.72	0.54585	1.20916	-0.209159	-0.45415
2.73	0.543781	1.20461	-0.204607	-0.456219
2.74	0.541758	1.20003	-0.200035	-0.458242
2.75	0.53978	1.19544	-0.195442	-0.46022
2.76	0.537849	1.19083	-0.19083	-0.462151
2.77	0.535964	1.1862	-0.1862	-0.464036
2.78	0.534125	1.18155	-0.18155	-0.465875
2.79	0.532333	1.17688	-0.176882	-0.467667
2.8	0.530587	1.1722	-0.172197	-0.469413
2.81	0.528889	1.16749	-0.167494	-0.471111
2.82	0.527237	1.16277	-0.162775	-0.472763
2.83	0.525633	1.15804	-0.158039	-0.474367
2.84	0.524077	1.15329	-0.153287	-0.475923
2.85	0.522568	1.14852	-0.148521	-0.477432
2.86	0.521106	1.14374	-0.143739	-0.478894
2.87	0.519693	1.13894	-0.138943	-0.480307
2.88	0.518328	1.13413	-0.134133	-0.481672
2.89	0.51701	1.12931	-0.12931	-0.48299
2.9	0.515741	1.12447	-0.124473	-0.484259
2.91	0.514521	1.11962	-0.119625	-0.485479
2.92	0.513349	1.11476	-0.114764	-0.486651
2.93	0.512226	1.10989	-0.109892	-0.487774
2.94	0.511151	1.10501	-0.105009	-0.488849
2.95	0.510126	1.10011	-0.100115	-0.489874
2.96	0.509149	1.09521	-0.0952113	-0.490851
2.97	0.508221	1.0903	-0.0902981	-0.491779
2.98	0.507343	1.08538	-0.0853759	-0.492657
2.99	0.506514	1.08045	-0.0804452	-0.493486
3	0.505734	1.07551	-0.0755064	-0.494266
3.01	0.505004	1.07056	-0.07056	-0.494996
3.02	0.504323	1.06561	-0.0656066	-0.495677
3.03	0.503692	1.06065	-0.0606466	-0.496308
3.04	0.50311	1.05568	-0.0556806	-0.49689
3.05	0.502578	1.05071	-0.050709	-0.497422
3.06	0.502096	1.04573	-0.0457323	-0.497904
3.07	0.501663	1.04075	-0.0407511	-0.498337
3.08	0.501281	1.03577	-0.0357658	-0.498719
3.09	0.500948	1.03078	-0.0307769	-0.499052
3.1	0.500665	1.02578	-0.0257849	-0.499335
3.11	0.500432	1.02079	-0.0207903	-0.499568
3.12	0.50025	1.01579	-0.0157937	-0.49975
3.13	0.500117	1.0108	-0.0107955	-0.499883
3.14	0.500034	1.0058	-0.0057962	-0.499966
3.15	0.500001	1.0008	-0.000796326	-0.499999
3.16	0.500018	0.995796	0.00420362	-0.499982
3.17	0.500085	0.990797	0.00920315	-0.499915
3.18	0.500202	0.985798	0.0142018	-0.499798
3.19	0.500369	0.980801	0.019199	-0.499631
3.2	0.500586	0.975806	0.0241942	-0.499414
3.21	0.500853	0.970813	0.0291871	-0.499147
3.22	0.501169	0.965823	0.034177	-0.498831
3.23	0.501536	0.960836	0.0391635	-0.498464
3.24	0.501953	0.955854	0.0441461	-0.498047
3.25	0.502419	0.950876	0.0491243	-0.497581
3.26	0.502935	0.945902	0.0540976	-0.497065
3.27	0.503501	0.940935	0.0590654	-0.496499
3.28	0.504116	0.935973	0.0640274	-0.495884
3.29	0.504782	0.931017	0.0689829	-0.495218
3.3	0.505496	0.926068	0.0739316	-0.494504
3.31	0.50626	0.921127	0.0788728	-0.49374
3.32	0.507074	0.916194	0.0838062	-0.492926
3.33	0.507936	0.911269	0.0887312	-0.492064
3.34	0.508848	0.906353	0.0936473	-0.491152
3.35	0.509809	0.901446	0.0985541	-0.490191
3.36	0.510819	0.896549	0.103451	-0.489181
3.37	0.511878	0.891662	0.108338	-0.488122
3.38	0.512986	0.886787	0.113213	-0.487014
3.39	0.514142	0.881922	0.118078	-0.485858
3.4	0.515347	0.87707	0.12293	-0.484653
3.41	0.516601	0.872229	0.127771	-0.483399
3.42	0.517903	0.867402	0.132598	-0.482097
3.43	0.519253	0.862588	0.137412	-0.480747
3.44	0.520651	0.857787	0.142213	-0.479349
3.45	0.522097	0.853001	0.146999	-0.477903
3.46	0.523591	0.848229	0.151771	-0.476409
3.47	0.525132	0.843473	0.156527	-0.474868
3.48	0.526721	0.838732	0.161268	-0.473279
3.49	0.528358	0.834007	0.165993	-0.471642
3.5	0.530041	0.829299	0.170701	-0.469959
3.51	0.531772	0.824608	0.175392	-0.468228
3.52	0.533549	0.819935	0.180065	-0.466451
3.53	0.535373	0.81528	0.18472	-0.464627
3.54	0.537243	0.810643	0.189357	-0.462757
3.55	0.53916	0.806025	0.193975	-0.46084
3.56	0.541123	0.801426	0.198574	-0.458877
3.57	0.543131	0.796847	0.203153	-0.456869
3.58	0.545186	0.792289	0.207711	-0.454814
3.59	0.547286	0.787751	0.212249	-0.452714
3.6	0.549431	0.783235	0.216765	-0.450569
3.61	0.551621	0.77874	0.22126	-0.448379
3.62	0.553856	0.774267	0.225733	-0.446144
3.63	0.556135	0.769817	0.230183	-0.443865
3.64	0.558459	0.76539	0.23461	-0.441541
3.65	0.560827	0.760986	0.239014	-0.439173
3.66	0.56324	0.756607	0.243393	-0.43676
3.67	0.565695	0.752251	0.247749	-0.434305
3.68	0.568194	0.747921	0.252079	-0.431806
3.69	0.570737	0.743615	0.256385	-0.429263
3.7	0.573322	0.739336	0.260664	-0.426678
3.71	0.57595	0.735082	0.264918	-0.42405
3.72	0.57862	0.730855	0.269145	-0.42138
3.73	0.581333	0.726654	0.273346	-0.418667
3.74	0.584087	0.722482	0.277518	-0.415913
3.75	0.586883	0.718336	0.281664	-0.413117
3.76	0.58972	0.714219	0.285781	-0.41028
3.77	0.592599	0.710131	0.289869	-0.407401
3.78	0.595518	0.706071	0.293929	-0.404482
3.79	0.598477	0.702041	0.297959	-0.401523
3.8	0.601477	0.698041	0.301959	-0.398523
3.81	0.604516	0.694071	0.305929	-0.395484
3.82	0.607595	0.690132	0.309868	-0.392405
3.83	0.610713	0.686223	0.313777	-0.389287
3.84	0.613871	0.682346	0.317654	-0.386129
3.85	0.617066	0.678501	0.321499	-0.382934
3.86	0.6203	0.674687	0.325313	-0.3797
3.87	0.623573	0.670907	0.329093	-0.376427
3.88	0.626882	0.667159	0.332841	-0.373118
3.89	0.630229	0.663445	0.336555	-0.369771
3.9	0.633613	0.659764	0.340236	-0.366387
3.91	0.637034	0.656117	0.343883	-0.362966
3.92	0.640491	0.652505	0.347495	-0.359509
3.93	0.643984	0.648927	0.351073	-0.356016
3.94	0.647512	0.645384	0.354616	-0.352488
3.95	0.651076	0.641877	0.358123	-0.348924
3.96	0.654674	0.638406	0.361594	-0.345326
3.97	0.658308	0.634971	0.365029	-0.341692
3.98	0.661975	0.631572	0.368428	-0.338025
3.99	0.665676	0.62821	0.37179	-0.334324
4	0.669411	0.624886	0.375114	-0.330589
4.01	0.673178	0.621599	0.378401	-0.326822
4.02	0.676978	0.61835	0.38165	-0.323022
4.03	0.680811	0.615138	0.384862	-0.319189
4.04	0.684676	0.611966	0.388034	-0.315324
4.05	0.688572	0.608832	0.391168	-0.311428
4.06	0.692499	0.605737	0.394263	-0.307501
4.07	0.696457	0.602682	0.397318	-0.303543
4.08	0.700445	0.599667	0.400333	-0.299555
4.09	0.704463	0.596691	0.403309	-0.295537
4.1	0.708511	0.593756	0.406244	-0.291489
4.11	0.712588	0.590861	0.409139	-0.287412
4.12	0.716694	0.588008	0.411992	-0.283306
4.13	0.720828	0.585195	0.414805	-0.279172
4.14	0.72499	0.582424	0.417576	-0.27501
4.15	0.729179	0.579695	0.420305	-0.270821
4.16	0.733396	0.577008	0.422992	-0.266604
4.17	0.737639	0.574363	0.425637	-0.262361
4.18	0.741908	0.571761	0.428239	-0.258092
4.19	0.746203	0.569202	0.430798	-0.253797
4.2	0.750524	0.566685	0.433315	-0.249476
4.21	0.75487	0.564212	0.435788	-0.24513
4.22	0.75924	0.561783	0.438217	-0.24076
4.23	0.763634	0.559397	0.440603	-0.236366
4.24	0.768052	0.557055	0.442945	-0.231948
4.25	0.772493	0.554758	0.445242	-0.227507
4.26	0.776956	0.552505	0.447495	-0.223044
4.27	0.781442	0.550297	0.449703	-0.218558
4.28	0.78595	0.548134	0.451866	-0.21405
4.29	0.790479	0.546016	0.453984	-0.209521
4.3	0.79503	0.543944	0.456056	-0.20497
4.31	0.7996	0.541917	0.458083	-0.2004
4.32	0.804191	0.539936	0.460064	-0.195809
4.33	0.808802	0.538001	0.461999	-0.191198
4.34	0.813431	0.536112	0.463888	-0.186569
4.35	0.818079	0.53427	0.46573	-0.181921
4.36	0.822745	0.532474	0.467526	-0.177255
4.37	0.82743	0.530725	0.469275	-0.17257
4.38	0.832131	0.529022	0.470978	-0.167869
4.39	0.836849	0.527367	0.472633	-0.163151
4.4	0.841583	0.525759	0.474241	-0.158417
4.41	0.846334	0.524199	0.475801	-0.153666
4.42	0.851099	0.522686	0.477314	-0.148901
4.43	0.85588	0.521221	0.478779	-0.14412
4.44	0.860675	0.519804	0.480196	-0.139325
4.45	0.865483	0.518435	0.481565	-0.134517
4.46	0.870306	0.517113	0.482887	-0.129694
4.47	0.875141	0.515841	0.484159	-0.124859
4.48	0.879989	0.514616	0.485384	-0.120011
4.49	0.884849	0.513441	0.486559	-0.115151
4.5	0.88972	0.512313	0.487687	-0.11028
4.51	0.894602	0.511235	0.488765	-0.105398
4.52	0.899495	0.510205	0.489795	-0.100505
4.53	0.904398	0.509225	0.490775	-0.0956022
4.54	0.90931	0.508293	0.491707	-0.0906897
4.55	0.914232	0.507411	0.492589	-0.0857682
4.56	0.919162	0.506578	0.493422	-0.0808381
4.57	0.9241	0.505794	0.494206	-0.0758999
4.58	0.929046	0.50506	0.49494	-0.0709542
4.59	0.933999	0.504375	0.495625	-0.0660013
4.6	0.938958	0.50374	0.49626	-0.0610418
4.61	0.943924	0.503154	0.496846	-0.0560763
4.62	0.948895	0.502619	0.497381	-0.0511051
4.63	0.953871	0.502132	0.497868	-0.0461288
4.64	0.958852	0.501696	0.498304	-0.0411479
4.65	0.963837	0.501309	0.498691	-0.0361629
4.66	0.968826	0.500973	0.499027	-0.0311743
4.67	0.973817	0.500686	0.499314	-0.0261825
4.68	0.978812	0.500449	0.499551	-0.0211881
4.69	0.983808	0.500262	0.499738	-0.0161917
4.7	0.988806	0.500125	0.499875	-0.0111936
4.71	0.993806	0.500038	0.499962	-0.00619433
4.72	0.998806	0.500001	0.499999	-0.00119449
4.73	1.00381	0.500014	0.499986	0.00380547
4.74	1.00881	0.500078	0.499922	0.00880505
4.75	1.0138	0.500191	0.499809	0.0138038
4.76	1.0188	0.500354	0.499646	0.0188011
4.77	1.0238	0.500567	0.499433	0.0237965
4.78	1.02879	0.50083	0.49917	0.0287896
4.79	1.03378	0.501142	0.498858	0.0337798
4.8	1.03877	0.501505	0.498495	0.0387666
4.81	1.04375	0.501918	0.498082	0.0437495
4.82	1.04873	0.50238	0.49762	0.048728
4.83	1.0537	0.502892	0.497108	0.0537017
4.84	1.05867	0.503454	0.496546	0.05867
4.85	1.06363	0.504066	0.495934	0.0636325
4.86	1.06859	0.504727	0.495273	0.0685886
4.87	1.07354	0.505437	0.494563	0.0735378
4.88	1.07848	0.506197	0.493803	0.0784796
4.89	1.08341	0.507007	0.492993	0.0834137
4.9	1.08834	0.507866	0.492134	0.0883393
4.91	1.09326	0.508774	0.491226	0.0932562
4.92	1.09816	0.509731	0.490269	0.0981637
4.93	1.10306	0.510737	0.489263	0.103061
4.94	1.10795	0.511792	0.488208	0.107949
4.95	1.11283	0.512896	0.487104	0.112825
4.96	1.11769	0.514048	0.485952	0.117691
4.97	1.12254	0.51525	0.48475	0.122544
4.98	1.12739	0.516499	0.483501	0.127386
4.99	1.13221	0.517797	0.482203	0.132214
5	1.13703	0.519144	0.480856	0.137029
5.01	1.14183	0.520538	0.479462	0.141831
5.02	1.14662	0.52198	0.47802	0.146619
5.03	1.15139	0.52347	0.47653	0.151391
5.04	1.15615	0.525008	0.474992	0.156149
5.05	1.16089	0.526593	0.473407	0.160891
5.06	1.16562	0.528226	0.471774	0.165617
5.07	1.17033	0.529905	0.470095	0.170326
5.08	1.17502	0.531632	0.468368	0.175019
5.09	1.17969	0.533406	0.466594	0.179694
5.1	1.18435	0.535226	0.464774	0.18435
5.11	1.18899	0.537093	0.462907	0.188989
5.12	1.19361	0.539006	0.460994	0.193608
5.13	1.19821	0.540965	0.459035	0.198209
5.14	1.20279	0.54297	0.45703	0.202789
5.15	1.20735	0.54502	0.45498	0.207349
5.16	1.21189	0.547117	0.452883	0.211888
5.17	1.21641	0.549258	0.450742	0.216407
5.18	1.2209	0.551445	0.448555	0.220903
5.19	1.22538	0.553676	0.446324	0.225378
5.2	1.22983	0.555952	0.444048	0.229829
5.21	1.23426	0.558273	0.441727	0.234258
5.22	1.23866	0.560637	0.439363	0.238664
5.23	1.24305	0.563046	0.436954	0.243045
5.24	1.2474	0.565498	0.434502	0.247403
5.25	1.25174	0.567994	0.432006	0.251735
5.26	1.25604	0.570533	0.429467	0.256043
5.27	1.26032	0.573115	0.426885	0.260325
5.28	1.26458	0.575739	0.424261	0.26458
5.29	1.26881	0.578406	0.421594	0.26881
5.3	1.27301	0.581115	0.418885	0.273012
5.31	1.27719	0.583866	0.416134	0.277187
5.32	1.28133	0.586659	0.413341	0.281335
5.33	1.28545	0.589493	0.410507	0.285454
5.34	1.28954	0.592368	0.407632	0.289545
5.35	1.29361	0.595284	0.404716	0.293606
5.36	1.29764	0.59824	0.40176	0.297639
5.37	1.30164	0.601236	0.398764	0.301641
5.38	1.30561	0.604273	0.395727	0.305614
5.39	1.30956	0.607349	0.392651	0.309556
5.4	1.31347	0.610464	0.389536	0.313467
5.41	1.31735	0.613618	0.386382	0.317346
5.42	1.32119	0.61681	0.38319	0.321194
5.43	1.32501	0.620042	0.379958	0.32501
5.44	1.32879	0.623311	0.376689	0.328793
5.45	1.33254	0.626617	0.373383	0.332544
5.46	1.33626	0.629961	0.370039	0.336261
5.47	1.33994	0.633342	0.366658	0.339944
5.48	1.34359	0.63676	0.36324	0.343594
5.49	1.34721	0.640214	0.359786	0.347209
5.5	1.35079	0.643704	0.356296	0.35079
5.51	1.35433	0.64723	0.35277	0.354335
5.52	1.35784	0.650791	0.349209	0.357845
5.53	1.36132	0.654387	0.345613	0.361319
5.54	1.36476	0.658017	0.341983	0.364757
5.55	1.36816	0.661682	0.338318	0.368159
5.56	1.37152	0.66538	0.33462	0.371523
5.57	1.37485	0.669112	0.330888	0.374851
5.58	1.37814	0.672877	0.327123	0.378141
5.59	1.38139	0.676675	0.323325	0.381393
5.6	1.38461	0.680505	0.319495	0.384607
5.61	1.38778	0.684367	0.315633	0.387783
5.62	1.39092	0.68826	0.31174	0.39092
5.63	1.39402	0.692185	0.307815	0.394018
5.64	1.39708	0.69614	0.30386	0.397076
5.65	1.40009	0.700126	0.299874	0.400095
5.66	1.40307	0.704142	0.295858	0.403073
5.67	1.40601	0.708188	0.291812	0.406012
5.68	1.40891	0.712262	0.287738	0.40891
5.69	1.41177	0.716366	0.283634	0.411766
5.7	1.41458	0.720498	0.279502	0.414582
5.71	1.41736	0.724657	0.275343	0.417356
5.72	1.42009	0.728844	0.271156	0.420089
5.73	1.42278	0.733059	0.266941	0.422779
5.74	1.42543	0.7373	0.2627	0.425428
5.75	1.42803	0.741567	0.258433	0.428033
5.76	1.4306	0.74586	0.25414	0.430596
5.77	1.43312	0.750179	0.249821	0.433116
5.78	1.43559	0.754523	0.245477	0.435593
5.79	1.43803	0.758891	0.241109	0.438025
5.8	1.44041	0.763283	0.236717	0.440415
5.81	1.44276	0.767699	0.232301	0.44276
5.82	1.44506	0.772138	0.227862	0.445061
5.83	1.44732	0.7766	0.2234	0.447317
5.84	1.44953	0.781084	0.218916	0.449529
5.85	1.4517	0.78559	0.21441	0.451695
5.86	1.45382	0.790118	0.209882	0.453817
5.87	1.45589	0.794667	0.205333	0.455893
5.88	1.45792	0.799236	0.200764	0.457923
5.89	1.45991	0.803825	0.196175	0.459908
5.9	1.46185	0.808434	0.191566	0.461847
5.91	1.46374	0.813062	0.186938	0.463739
5.92	1.46559	0.817708	0.182292	0.465585
5.93	1.46738	0.822373	0.177627	0.467385
5.94	1.46914	0.827056	0.172944	0.469138
5.95	1.47084	0.831756	0.168244	0.470844
5.96	1.4725	0.836473	0.163527	0.472503
5.97	1.47411	0.841206	0.158794	0.474114
5.98	1.47568	0.845955	0.154045	0.475679
5.99	1.4772	0.850719	0.149281	0.477195
6	1.47866	0.855498	0.144502	0.478664
6.01	1.48009	0.860292	0.139708	0.480085
6.02	1.48146	0.8651	0.1349	0.481458
6.03	1.48278	0.869921	0.130079	0.482783
6.04	1.48406	0.874756	0.125244	0.48406
6.05	1.48529	0.879602	0.120398	0.485288
6.06	1.48647	0.884461	0.115539	0.486468
6.07	1.4876	0.889331	0.110669	0.487599
6.08	1.48868	0.894213	0.105787	0.488681
6.09	1.48971	0.899105	0.100895	0.489714
6.1	1.4907	0.904007	0.095993	0.490699
6.11	1.49163	0.908919	0.0910813	0.491634
6.12	1.49252	0.91384	0.0861604	0.49252
6.13	1.49336	0.918769	0.081231	0.493357
6.14	1.49415	0.923707	0.0762935	0.494145
6.15	1.49488	0.928652	0.0713483	0.494883
6.16	1.49557	0.933604	0.066396	0.495572
6.17	1.49621	0.938563	0.061437	0.496211
6.18	1.4968	0.943528	0.0564719	0.496801
6.19	1.49734	0.948499	0.0515011	0.497341
6.2	1.49783	0.953475	0.0465253	0.497831
6.21	1.49827	0.958455	0.0415447	0.498271
6.22	1.49866	0.96344	0.03656	0.498662
6.23	1.499	0.968428	0.0315716	0.499002
6.24	1.49929	0.97342	0.0265801	0.499293
6.25	1.49953	0.978414	0.0215859	0.499534
6.26	1.49972	0.98341	0.0165896	0.499725
6.27	1.49987	0.988408	0.0115916	0.499866
6.28	1.49996	0.993408	0.00659246	0.499957
6.29	1.5	0.998407	0.00159265	0.499997
6.3	1.49999	1.00341	-0.00340732	0.499988
6.31	1.49993	1.00841	-0.00840695	0.499929
6.32	1.49982	1.01341	-0.0134057	0.49982
6.33	1.49966	1.0184	-0.0184032	0.499661
6.34	1.49945	1.0234	-0.0233988	0.499452
6.35	1.49919	1.02839	-0.0283921	0.499193
6.36	1.49888	1.03338	-0.0333825	0.498884
6.37	1.49853	1.03837	-0.0383696	0.498526
6.38	1.49812	1.04335	-0.0433528	0.498117
6.39	1.49766	1.04833	-0.0483318	0.497659
6.4	1.49715	1.05331	-0.0533058	0.49715
6.41	1.49659	1.05827	-0.0582746	0.496592
6.42	1.49598	1.06324	-0.0632375	0.495985
6.43	1.49533	1.06819	-0.0681941	0.495328
6.44	1.49462	1.07314	-0.0731439	0.494621
6.45	1.49386	1.07809	-0.0780864	0.493865
6.46	1.49306	1.08302	-0.0830211	0.493059
6.47	1.4922	1.08795	-0.0879474	0.492204
6.48	1.4913	1.09286	-0.092865	0.4913
6.49	1.49035	1.09777	-0.0977733	0.490347
6.5	1.48934	1.10267	-0.102672	0.489345
6.51	1.48829	1.10756	-0.10756	0.488294
6.52	1.48719	1.11244	-0.112437	0.487194
6.53	1.48605	1.1173	-0.117304	0.486045
6.54	1.48485	1.12216	-0.122158	0.484848
6.55	1.4836	1.127	-0.127001	0.483602
6.56	1.48231	1.13183	-0.13183	0.482308
6.57	1.48097	1.13665	-0.136646	0.480965
6.58	1.47957	1.14145	-0.141449	0.479575
6.59	1.47814	1.14624	-0.146238	0.478136
6.6	1.47665	1.15101	-0.151012	0.47665
6.61	1.47512	1.15577	-0.155771	0.475116
6.62	1.47353	1.16051	-0.160514	0.473535
6.63	1.47191	1.16524	-0.165241	0.471906
6.64	1.47023	1.16995	-0.169952	0.47023
6.65	1.46851	1.17465	-0.174646	0.468507
6.66	1.46674	1.17932	-0.179322	0.466737
6.67	1.46492	1.18398	-0.18398	0.464921
6.68	1.46306	1.18862	-0.18862	0.463058
6.69	1.46115	1.19324	-0.193241	0.461148
6.7	1.45919	1.19784	-0.197843	0.459193
6.71	1.45719	1.20242	-0.202425	0.457192
6.72	1.45514	1.20699	-0.206987	0.455144
6.73	1.45305	1.21153	-0.211528	0.453052
6.74	1.45091	1.21605	-0.216048	0.450914
6.75	1.44873	1.22055	-0.220546	0.448731
6.76	1.4465	1.22502	-0.225022	0.446503
6.77	1.44423	1.22948	-0.229476	0.444231
6.78	1.44191	1.23391	-0.233907	0.441914
6.79	1.43955	1.23831	-0.238314	0.439553
6.8	1.43715	1.2427	-0.242697	0.437148
6.81	1.4347	1.24706	-0.247057	0.434699
6.82	1.43221	1.25139	-0.251391	0.432206
6.83	1.42967	1.2557	-0.255701	0.429671
6.84	1.42709	1.25998	-0.259985	0.427093
6.85	1.42447	1.26424	-0.264242	0.424471
6.86	1.42181	1.26847	-0.268474	0.421808
6.87	1.4191	1.27268	-0.272678	0.419102
6.88	1.41635	1.27686	-0.276856	0.416354
6.89	1.41356	1.28101	-0.281005	0.413565
6.9	1.41073	1.28513	-0.285127	0.410734
6.91	1.40786	1.28922	-0.28922	0.407863
6.92	1.40495	1.29328	-0.293284	0.40495
6.93	1.402	1.29732	-0.297319	0.401997
6.94	1.399	1.30132	-0.301324	0.399004
6.95	1.39597	1.3053	-0.305299	0.395971
6.96	1.3929	1.30924	-0.309243	0.392898
6.97	1.38979	1.31316	-0.313157	0.389786
6.98	1.38663	1.31704	-0.317039	0.386635
6.99	1.38345	1.32089	-0.320889	0.383445
7	1.38022	1.32471	-0.324707	0.380217
7.01	1.37695	1.32849	-0.328493	0.376951
7.02	1.37365	1.33225	-0.332246	0.373647
7.03	1.37031	1.33597	-0.335966	0.370306
7.04	1.36693	1.33965	-0.339652	0.366928
7.05	1.36351	1.3433	-0.343305	0.363513
7.06	1.36006	1.34692	-0.346922	0.360062
7.07	1.35658	1.35051	-0.350506	0.356575
7.08	1.35305	1.35405	-0.354054	0.353052
7.09	1.34949	1.35757	-0.357567	0.349494
7.1	1.3459	1.36104	-0.361044	0.345901
7.11	1.34227	1.36448	-0.364485	0.342273
7.12	1.33861	1.36789	-0.367889	0.338611
7.13	1.33492	1.37126	-0.371257	0.334916
7.14	1.33119	1.37459	-0.374587	0.331186
7.15	1.32742	1.37788	-0.37788	0.327424
7.16	1.32363	1.38114	-0.381136	0.323629
7.17	1.3198	1.38435	-0.384353	0.319801
7.18	1.31594	1.38753	-0.387531	0.315942
7.19	1.31205	1.39067	-0.390671	0.312051
7.2	1.30813	1.39377	-0.393772	0.308129
7.21	1.30418	1.39683	-0.396834	0.304176
7.22	1.30019	1.39986	-0.399856	0.300192
7.23	1.29618	1.40284	-0.402838	0.296179
7.24	1.29214	1.40578	-0.405779	0.292136
7.25	1.28806	1.40868	-0.40868	0.288063
7.26	1.28396	1.41154	-0.41154	0.283962
7.27	1.27983	1.41436	-0.414359	0.279833
7.28	1.27568	1.41714	-0.417137	0.275675
7.29	1.27149	1.41987	-0.419873	0.27149
7.3	1.26728	1.42257	-0.422567	0.267278
7.31	1.26304	1.42522	-0.425218	0.263039
7.32	1.25877	1.42783	-0.427827	0.258773
7.33	1.25448	1.43039	-0.430394	0.254482
7.34	1.25017	1.43292	-0.432917	0.250166
7.35	1.24582	1.4354	-0.435397	0.245824
7.36	1.24146	1.43783	-0.437833	0.241458
7.37	1.23707	1.44023	-0.440226	0.237068
7.38	1.23265	1.44257	-0.442575	0.232654
7.39	1.22822	1.44488	-0.444879	0.228216
7.4	1.22376	1.44714	-0.447139	0.223756
7.41	1.21927	1.44935	-0.449354	0.219274
7.42	1.21477	1.45152	-0.451524	0.214769
7.43	1.21024	1.45365	-0.453649	0.210243
7.44	1.2057	1.45573	-0.455729	0.205696
7.45	1.20113	1.45776	-0.457763	0.201129
7.46	1.19654	1.45975	-0.459752	0.196541
7.47	1.19193	1.46169	-0.461694	0.191934
7.48	1.18731	1.46359	-0.46359	0.187308
7.49	1.18266	1.46544	-0.46544	0.182662
7.5	1.178	1.46724	-0.467243	0.177999
7.51	1.17332	1.469	-0.469	0.173318
7.52	1.16862	1.47071	-0.47071	0.168619
7.53	1.1639	1.47237	-0.472372	0.163904
7.54	1.15917	1.47399	-0.473988	0.159172
7.55	1.15442	1.47556	-0.475556	0.154424
7.56	1.14966	1.47708	-0.477076	0.149661
7.57	1.14488	1.47855	-0.478549	0.144883
7.58	1.14009	1.47997	-0.479974	0.14009
7.59	1.13528	1.48135	-0.481351	0.135283
7.6	1.13046	1.48268	-0.482679	0.130463
7.61	1.12563	1.48396	-0.48396	0.12563
7.62	1.12078	1.48519	-0.485192	0.120784
7.63	1.11593	1.48638	-0.486375	0.115926
7.64	1.11106	1.48751	-0.48751	0.111057
7.65	1.10618	1.4886	-0.488597	0.106176
7.66	1.10129	1.48963	-0.489634	0.101285
7.67	1.09638	1.49062	-0.490622	0.0963837
7.68	1.09147	1.49156	-0.491562	0.0914727
7.69	1.08655	1.49245	-0.492452	0.0865526
7.7	1.08162	1.49329	-0.493293	0.0816239
7.71	1.07669	1.49408	-0.494084	0.0766869
7.72	1.07174	1.49483	-0.494826	0.0717423
7.73	1.06679	1.49552	-0.495519	0.0667906
7.74	1.06183	1.49616	-0.496162	0.0618321
7.75	1.05687	1.49676	-0.496756	0.0568675
7.76	1.0519	1.4973	-0.497299	0.0518972
7.77	1.04692	1.49779	-0.497793	0.0469217
7.78	1.04194	1.49824	-0.498238	0.0419415
7.79	1.03696	1.49863	-0.498632	0.0369571
7.8	1.03197	1.49898	-0.498977	0.031969
7.81	1.02698	1.49927	-0.499272	0.0269777
7.82	1.02198	1.49952	-0.499516	0.0219837
7.83	1.01699	1.49971	-0.499711	0.0169875
7.84	1.01199	1.49986	-0.499856	0.0119897
7.85	1.00699	1.49995	-0.499951	0.00699059
7.86	1.00199	1.5	-0.499996	0.00199081
7.87	0.996991	1.49999	-0.499991	-0.00300916
7.88	0.991991	1.49994	-0.499936	-0.00800884
7.89	0.986992	1.49983	-0.499831	-0.0130077
7.9	0.981995	1.49968	-0.499676	-0.0180053
7.91	0.976999	1.49947	-0.499471	-0.0230011
7.92	0.972005	1.49922	-0.499216	-0.0279945
7.93	0.967015	1.49891	-0.498911	-0.0329852
7.94	0.962027	1.49856	-0.498556	-0.0379726
7.95	0.957044	1.49815	-0.498151	-0.0429562
7.96	0.952065	1.4977	-0.497697	-0.0479354
7.97	0.94709	1.49719	-0.497193	-0.0529099
7.98	0.942121	1.49664	-0.496639	-0.0578791
7.99	0.937157	1.49604	-0.496035	-0.0628425
8	0.9322	1.49538	-0.495382	-0.0677997
8.01	0.92725	1.49468	-0.494679	-0.07275
8.02	0.922307	1.49393	-0.493927	-0.0776931
8.03	0.917372	1.49313	-0.493125	-0.0826284
8.04	0.912445	1.49227	-0.492274	-0.0875554
8.05	0.907526	1.49137	-0.491374	-0.0924737
8.06	0.902617	1.49042	-0.490425	-0.0973827
8.07	0.897718	1.48943	-0.489427	-0.102282
8.08	0.892829	1.48838	-0.488379	-0.107171
8.09	0.887951	1.48728	-0.487283	-0.112049
8.1	0.883083	1.48614	-0.486138	-0.116917
8.11	0.878228	1.48494	-0.484945	-0.121772
8.12	0.873385	1.4837	-0.483703	-0.126615
8.13	0.868554	1.48241	-0.482413	-0.131446
8.14	0.863737	1.48107	-0.481074	-0.136263
8.15	0.858933	1.47969	-0.479687	-0.141067
8.16	0.854143	1.47825	-0.478253	-0.145857
8.17	0.849368	1.47677	-0.47677	-0.150632
8.18	0.844608	1.47524	-0.47524	-0.155392
8.19	0.839863	1.47366	-0.473663	-0.160137
8.2	0.835135	1.47204	-0.472038	-0.164865
8.21	0.830423	1.47037	-0.470365	-0.169577
8.22	0.825727	1.46865	-0.468646	-0.174273
8.23	0.82105	1.46688	-0.46688	-0.17895
8.24	0.81639	1.46507	-0.465067	-0.18361
8.25	0.811749	1.46321	-0.463208	-0.188251
8.26	0.807126	1.4613	-0.461302	-0.192874
8.27	0.802523	1.45935	-0.45935	-0.197477
8.28	0.797939	1.45735	-0.457353	-0.202061
8.29	0.793376	1.45531	-0.455309	-0.206624
8.3	0.788833	1.45322	-0.45322	-0.211167
8.31	0.784312	1.45109	-0.451086	-0.215688
8.32	0.779812	1.44891	-0.448907	-0.220188
8.33	0.775334	1.44668	-0.446682	-0.224666
8.34	0.770878	1.44441	-0.444413	-0.229122
8.35	0.766445	1.4421	-0.4421	-0.233555
8.36	0.762036	1.43974	-0.439742	-0.237964
8.37	0.757651	1.43734	-0.437341	-0.242349
8.38	0.75329	1.4349	-0.434895	-0.24671
8.39	0.748953	1.43241	-0.432407	-0.251047
8.4	0.744642	1.42987	-0.429874	-0.255358
8.41	0.740356	1.4273	-0.427299	-0.259644
8.42	0.736096	1.42468	-0.424682	-0.263904
8.43	0.731862	1.42202	-0.422021	-0.268138
8.44	0.727655	1.41932	-0.419319	-0.272345
8.45	0.723476	1.41657	-0.416575	-0.276524
8.46	0.719324	1.41379	-0.413789	-0.280676
8.47	0.7152	1.41096	-0.410961	-0.2848
8.48	0.711105	1.40809	-0.408093	-0.288895
8.49	0.707039	1.40518	-0.405183	-0.292961
8.5	0.703001	1.40223	-0.402234	-0.296999
8.51	0.698994	1.39924	-0.399244	-0.301006
8.52	0.695017	1.39621	-0.396214	-0.304983
8.53	0.69107	1.39314	-0.393144	-0.30893
8.54	0.687154	1.39004	-0.390035	-0.312846
8.55	0.683269	1.38689	-0.386887	-0.316731
8.56	0.679416	1.3837	-0.383701	-0.320584
8.57	0.675595	1.38048	-0.380476	-0.324405
8.58	0.671807	1.37721	-0.377213	-0.328193
8.59	0.668051	1.37391	-0.373912	-0.331949
8.6	0.664329	1.37057	-0.370574	-0.335671
8.61	0.66064	1.3672	-0.367199	-0.33936
8.62	0.656985	1.36379	-0.363787	-0.343015
8.63	0.653364	1.36034	-0.360338	-0.346636
8.64	0.649778	1.35685	-0.356854	-0.350222
8.65	0.646227	1.35333	-0.353334	-0.353773
8.66	0.642712	1.34978	-0.349779	-0.357288
8.67	0.639232	1.34619	-0.346188	-0.360768
8.68	0.635788	1.34256	-0.342563	-0.364212
8.69	0.632381	1.3389	-0.338904	-0.367619
8.7	0.62901	1.33521	-0.335211	-0.37099
8.71	0.625677	1.33148	-0.331485	-0.374323
8.72	0.622381	1.32772	-0.327725	-0.377619
8.73	0.619122	1.32393	-0.323932	-0.380878
8.74	0.615902	1.32011	-0.320107	-0.384098
8.75	0.61272	1.31625	-0.316251	-0.38728
8.76	0.609577	1.31236	-0.312362	-0.390423
8.77	0.606473	1.30844	-0.308442	-0.393527
8.78	0.603408	1.30449	-0.304492	-0.396592
8.79	0.600383	1.30051	-0.30051	-0.399617
8.8	0.597398	1.2965	-0.296499	-0.402602
8.81	0.594453	1.29246	-0.292459	-0.405547
8.82	0.591549	1.28839	-0.288389	-0.408451
8.83	0.588686	1.28429	-0.28429	-0.411314
8.84	0.585864	1.28016	-0.280162	-0.414136
8.85	0.583083	1.27601	-0.276007	-0.416917
8.86	0.580343	1.27182	-0.271824	-0.419657
8.87	0.577646	1.26761	-0.267614	-0.422354
8.88	0.574991	1.26338	-0.263377	-0.425009
8.89	0.572379	1.25911	-0.259114	-0.427621
8.9	0.569809	1.25483	-0.254825	-0.430191
8.91	0.567282	1.25051	-0.25051	-0.432718
8.92	0.564799	1.24617	-0.246171	-0.435201
8.93	0.562359	1.24181	-0.241807	-0.437641
8.94	0.559963	1.23742	-0.237418	-0.440037
8.95	0.557611	1.23301	-0.233006	-0.442389
8.96	0.555303	1.22857	-0.22857	-0.444697
8.97	0.553039	1.22411	-0.224112	-0.446961
8.98	0.550821	1.21963	-0.219631	-0.449179
8.99	0.548647	1.21513	-0.215129	-0.451353
9	0.546518	1.2106	-0.210605	-0.453482
9.01	0.544435	1.20606	-0.206059	-0.455565
9.02	0.542397	1.20149	-0.201493	-0.457603
9.03	0.540405	1.19691	-0.196907	-0.459595
9.04	0.538459	1.1923	-0.192302	-0.461541
9.05	0.536559	1.18768	-0.187677	-0.463441
9.06	0.534706	1.18303	-0.183033	-0.465294
9.07	0.532899	1.17837	-0.178371	-0.467101
9.08	0.531138	1.17369	-0.173691	-0.468862
9.09	0.529425	1.16899	-0.168994	-0.470575
9.1	0.527758	1.16428	-0.16428	-0.472242
9.11	0.526139	1.15955	-0.159549	-0.473861
9.12	0.524567	1.1548	-0.154803	-0.475433
9.13	0.523043	1.15004	-0.150041	-0.476957
9.14	0.521567	1.14526	-0.145264	-0.478433
9.15	0.520138	1.14047	-0.140472	-0.479862
9.16	0.518757	1.13567	-0.135667	-0.481243
9.17	0.517425	1.13085	-0.130847	-0.482575
9.18	0.51614	1.12602	-0.126015	-0.48386
9.19	0.514904	1.12117	-0.12117	-0.485096
9.2	0.513717	1.11631	-0.116314	-0.486283
9.21	0.512578	1.11144	-0.111445	-0.487422
9.22	0.511488	1.10657	-0.106565	-0.488512
9.23	0.510447	1.10167	-0.101675	-0.489553
9.24	0.509455	1.09677	-0.0967743	-0.490545
9.25	0.508511	1.09186	-0.0918641	-0.491489
9.26	0.507617	1.08694	-0.0869447	-0.492383
9.27	0.506773	1.08202	-0.0820167	-0.493227
9.28	0.505977	1.07708	-0.0770804	-0.494023
9.29	0.505231	1.07214	-0.0721364	-0.494769
9.3	0.504534	1.06719	-0.0671851	-0.495466
9.31	0.503887	1.06223	-0.0622272	-0.496113
9.32	0.50329	1.05726	-0.0572631	-0.49671
9.33	0.502742	1.05229	-0.0522932	-0.497258
9.34	0.502244	1.04732	-0.0473181	-0.497756
9.35	0.501796	1.04234	-0.0423382	-0.498204
9.36	0.501397	1.03735	-0.0373541	-0.498603
9.37	0.501049	1.03237	-0.0323663	-0.498951
9.38	0.50075	1.02738	-0.0273753	-0.49925
9.39	0.500501	1.02238	-0.0223815	-0.499499
9.4	0.500302	1.01739	-0.0173855	-0.499698
9.41	0.500153	1.01239	-0.0123877	-0.499847
9.42	0.500055	1.00739	-0.00738871	-0.499945
9.43	0.500006	1.00239	-0.00238897	-0.499994
9.44	0.500007	0.997389	0.00261101	-0.499993
9.45	0.500058	0.992389	0.00761073	-0.499942
9.46	0.500159	0.98739	0.0126097	-0.499841
9.47	0.50031	0.982393	0.0176074	-0.49969
9.48	0.500511	0.977397	0.0226033	-0.499489
9.49	0.500762	0.972403	0.027597	-0.499238
9.5	0.501063	0.967412	0.0325879	-0.498937
9.51	0.501414	0.962424	0.0375756	-0.498586
9.52	0.501815	0.957441	0.0425595	-0.498185
9.53	0.502265	0.952461	0.0475391	-0.497735
9.54	0.502765	0.947486	0.052514	-0.497235
9.55	0.503315	0.942516	0.0574836	-0.496685
9.56	0.503915	0.937552	0.0624475	-0.496085
9.57	0.504564	0.932595	0.0674052	-0.495436
9.58	0.505263	0.927644	0.0723561	-0.494737
9.59	0.506011	0.9227	0.0772997	-0.493989
9.6	0.506809	0.917764	0.0822357	-0.493191
9.61	0.507656	0.912837	0.0871634	-0.492344
9.62	0.508552	0.907918	0.0920824	-0.491448
9.63	0.509498	0.903008	0.0969922	-0.490502
9.64	0.510492	0.898108	0.101892	-0.489508
9.65	0.511536	0.893218	0.106782	-0.488464
9.66	0.512628	0.888339	0.111661	-0.487372
9.67	0.513769	0.883471	0.116529	-0.486231
9.68	0.514958	0.878614	0.121386	-0.485042
9.69	0.516196	0.87377	0.12623	-0.483804
9.7	0.517483	0.868938	0.131062	-0.482517
9.71	0.518818	0.86412	0.13588	-0.481182
9.72	0.5202	0.859315	0.140685	-0.4798
9.73	0.521631	0.854524	0.145476	-0.478369
9.74	0.52311	0.849748	0.150252	-0.47689
9.75	0.524636	0.844986	0.155014	-0.475364
9.76	0.52621	0.84024	0.15976	-0.47379
9.77	0.527831	0.835511	0.164489	-0.472169
9.78	0.5295	0.830797	0.169203	-0.4705
9.79	0.531215	0.826101	0.173899	-0.468785
9.8	0.532978	0.821422	0.178578	-0.467022
9.81	0.534787	0.81676	0.18324	-0.465213
9.82	0.536642	0.812118	0.187882	-0.463358
9.83	0.538544	0.807493	0.192507	-0.461456
9.84	0.540493	0.802889	0.197111	-0.459507
9.85	0.542487	0.798303	0.201697	-0.457513
9.86	0.544526	0.793738	0.206262	-0.455474
9.87	0.546612	0.789194	0.210806	-0.453388
9.88	0.548742	0.784671	0.215329	-0.451258
9.89	0.550918	0.780169	0.219831	-0.449082
9.9	0.553139	0.775689	0.224311	-0.446861
9.91	0.555404	0.771232	0.228768	-0.444596
9.92	0.557714	0.766798	0.233202	-0.442286
9.93	0.560068	0.762386	0.237614	-0.439932
9.94	0.562466	0.757999	0.242001	-0.437534
9.95	0.564908	0.753636	0.246364	-0.435092
9.96	0.567394	0.749297	0.250703	-0.432606
9.97	0.569922	0.744984	0.255016	-0.430078
9.98	0.572494	0.740696	0.259304	-0.427506
9.99	0.575108	0.736434	0.263566	-0.424892
10	0.577765	0.732198	0.267802	-0.422235
10.01	0.580464	0.727989	0.272011	-0.419536
10.02	0.583205	0.723808	0.276192	-0.416795
10.03	0.585988	0.719654	0.280346	-0.414012
10.04	0.588812	0.715528	0.284472	-0.411188
10.05	0.591677	0.71143	0.28857	-0.408323
10.06	0.594583	0.707361	0.292639	-0.405417
10.07	0.59753	0.703322	0.296678	-0.40247
10.08	0.600517	0.699312	0.300688	-0.399483
10.09	0.603544	0.695332	0.304668	-0.396456
10.1	0.60661	0.691383	0.308617	-0.39339
10.11	0.609716	0.687465	0.312535	-0.390284
10.12	0.612861	0.683578	0.316422	-0.387139
10.13	0.616044	0.679722	0.320278	-0.383956
10.14	0.619266	0.675899	0.324101	-0.380734
10.15	0.622526	0.672107	0.327893	-0.377474
10.16	0.625824	0.668349	0.331651	-0.374176
10.17	0.629159	0.664624	0.335376	-0.370841
10.18	0.632531	0.660932	0.339068	-0.367469
10.19	0.63594	0.657275	0.342725	-0.36406
10.2	0.639386	0.653651	0.346349	-0.360614
10.21	0.642867	0.650063	0.349937	-0.357133
10.22	0.646384	0.646509	0.353491	-0.353616
10.23	0.649937	0.64299	0.35701	-0.350063
10.24	0.653524	0.639508	0.360492	-0.346476
10.25	0.657147	0.636061	0.363939	-0.342853
10.26	0.660803	0.632651	0.367349	-0.339197
10.27	0.664493	0.629277	0.370723	-0.335507
10.28	0.668217	0.625941	0.374059	-0.331783
10.29	0.671975	0.622642	0.377358	-0.328025
10.3	0.675764	0.61938	0.38062	-0.324236
10.31	0.679587	0.616157	0.383843	-0.320413
10.32	0.683441	0.612972	0.387028	-0.316559
10.33	0.687327	0.609826	0.390174	-0.312673
10.34	0.691245	0.606719	0.393281	-0.308755
10.35	0.695193	0.603651	0.396349	-0.304807
10.36	0.699171	0.600623	0.399377	-0.300829
10.37	0.70318	0.597635	0.402365	-0.29682
10.38	0.707219	0.594687	0.405313	-0.292781
10.39	0.711286	0.591779	0.408221	-0.288714
10.4	0.715383	0.588912	0.411088	-0.284617
10.41	0.719508	0.586087	0.413913	-0.280492
10.42	0.723661	0.583303	0.416697	-0.276339
10.43	0.727842	0.58056	0.41944	-0.272158
10.44	0.73205	0.57786	0.42214	-0.26795
10.45	0.736284	0.575201	0.424799	-0.263716
10.46	0.740545	0.572585	0.427415	-0.259455
10.47	0.744833	0.570012	0.429988	-0.255167
10.48	0.749145	0.567482	0.432518	-0.250855
10.49	0.753483	0.564995	0.435005	-0.246517
10.5	0.757845	0.562552	0.437448	-0.242155
10.51	0.762232	0.560152	0.439848	-0.237768
10.52	0.766642	0.557796	0.442204	-0.233358
10.53	0.771075	0.555485	0.444515	-0.228925
10.54	0.775532	0.553218	0.446782	-0.224468
10.55	0.780011	0.550996	0.449004	-0.219989
10.56	0.784512	0.548818	0.451182	-0.215488
10.57	0.789034	0.546686	0.453314	-0.210966
10.58	0.793578	0.544599	0.455401	-0.206422
10.59	0.798142	0.542558	0.457442	-0.201858
10.6	0.802727	0.540562	0.459438	-0.197273
10.61	0.807331	0.538612	0.461388	-0.192669
10.62	0.811954	0.536709	0.463291	-0.188046
10.63	0.816597	0.534851	0.465149	-0.183403
10.64	0.821257	0.533041	0.466959	-0.178743
10.65	0.825936	0.531277	0.468723	-0.174064
10.66	0.830631	0.529559	0.470441	-0.169369
10.67	0.835344	0.527889	0.472111	-0.164656
10.68	0.840074	0.526266	0.473734	-0.159926
10.69	0.844819	0.524691	0.475309	-0.155181
10.7	0.84958	0.523163	0.476837	-0.15042
10.71	0.854355	0.521682	0.478318	-0.145645
10.72	0.859146	0.52025	0.47975	-0.140854
10.73	0.86395	0.518865	0.481135	-0.13605
10.74	0.868768	0.517529	0.482471	-0.131232
10.75	0.873599	0.516241	0.483759	-0.126401
10.76	0.878443	0.515001	0.484999	-0.121557
10.77	0.883299	0.51381	0.48619	-0.116701
10.78	0.888167	0.512667	0.487333	-0.111833
10.79	0.893046	0.511573	0.488427	-0.106954
10.8	0.897935	0.510528	0.489472	-0.102065
10.81	0.902835	0.509532	0.490468	-0.097165
10.82	0.907745	0.508585	0.491415	-0.0922555
10.83	0.912663	0.507687	0.492313	-0.0873368
10.84	0.917591	0.506838	0.493162	-0.0824094
10.85	0.922526	0.506039	0.493961	-0.0774737
10.86	0.92747	0.505289	0.494711	-0.0725303
10.87	0.93242	0.504588	0.495412	-0.0675797
10.88	0.937378	0.503937	0.496063	-0.0626223
10.89	0.942341	0.503336	0.496664	-0.0576586
10.9	0.947311	0.502784	0.497216	-0.0526891
10.91	0.952286	0.502282	0.497718	-0.0477144
10.92	0.957265	0.50183	0.49817	-0.0427349
10.93	0.962249	0.501427	0.498573	-0.0377512
10.94	0.967236	0.501075	0.498925	-0.0327637
10.95	0.972227	0.500772	0.499228	-0.0277728
10.96	0.977221	0.500519	0.499481	-0.0227793
10.97	0.982217	0.500316	0.499684	-0.0177834
10.98	0.987214	0.500164	0.499836	-0.0127857
10.99	0.992213	0.500061	0.499939	-0.00778683
11	0.997213	0.500008	0.499992	-0.00278713
11.01	1.00221	0.500005	0.499995	0.00221285
11.02	1.00721	0.500052	0.499948	0.00721261
11.03	1.01221	0.500149	0.499851	0.0122116
11.04	1.01721	0.500296	0.499704	0.0172095
11.05	1.02221	0.500493	0.499507	0.0222056
11.06	1.0272	0.50074	0.49926	0.0271994
11.07	1.03219	0.501037	0.498963	0.0321906
11.08	1.03718	0.501384	0.498616	0.0371785
11.09	1.04216	0.501781	0.498219	0.0421627
11.1	1.04714	0.502227	0.497773	0.0471427
11.11	1.05212	0.502724	0.497276	0.052118
11.12	1.05709	0.50327	0.49673	0.0570881
11.13	1.06205	0.503865	0.496135	0.0620525
11.14	1.06701	0.504511	0.495489	0.0670106
11.15	1.07196	0.505206	0.494794	0.0719621
11.16	1.07691	0.50595	0.49405	0.0769063
11.17	1.08184	0.506744	0.493256	0.0818429
11.18	1.08677	0.507587	0.492413	0.0867713
11.19	1.09169	0.508479	0.491521	0.091691
11.2	1.0966	0.509421	0.490579	0.0966015
11.21	1.1015	0.510411	0.489589	0.101502
11.22	1.10639	0.511451	0.488549	0.106393
11.23	1.11127	0.512539	0.487461	0.111273
11.24	1.11614	0.513676	0.486324	0.116142
11.25	1.121	0.514862	0.485138	0.121
11.26	1.12584	0.516096	0.483904	0.125845
11.27	1.13068	0.517379	0.482621	0.130677
11.28	1.1355	0.51871	0.48129	0.135497
11.29	1.1403	0.520089	0.479911	0.140303
11.3	1.1451	0.521516	0.478484	0.145095
11.31	1.14987	0.52299	0.47701	0.149873
11.32	1.15464	0.524513	0.475487	0.154635
11.33	1.15938	0.526083	0.473917	0.159382
11.34	1.16411	0.527701	0.472299	0.164113
11.35	1.16883	0.529365	0.470635	0.168828
11.36	1.17353	0.531077	0.468923	0.173526
11.37	1.17821	0.532836	0.467164	0.178206
11.38	1.18287	0.534641	0.465359	0.182869
11.39	1.18751	0.536493	0.463507	0.187513
11.4	1.19214	0.538391	0.461609	0.192139
11.41	1.19675	0.540336	0.459664	0.196745
11.42	1.20133	0.542326	0.457674	0.201332
11.43	1.2059	0.544362	0.455638	0.205899
11.44	1.21044	0.546444	0.453556	0.210445
11.45	1.21497	0.548571	0.451429	0.21497
11.46	1.21947	0.550743	0.449257	0.219473
11.47	1.22395	0.552961	0.447039	0.223955
11.48	1.22841	0.555222	0.444778	0.228414
11.49	1.23285	0.557529	0.442471	0.23285
11.5	1.23726	0.559879	0.440121	0.237263
11.51	1.24165	0.562274	0.437726	0.241652
11.52	1.24602	0.564712	0.435288	0.246017
11.53	1.25036	0.567194	0.432806	0.250358
11.54	1.25467	0.569719	0.430281	0.254673
11.55	1.25896	0.572288	0.427712	0.258963
11.56	1.26323	0.574899	0.425101	0.263228
11.57	1.26747	0.577552	0.422448	0.267465
11.58	1.27168	0.580248	0.419752	0.271676
11.59	1.27586	0.582985	0.417015	0.27586
11.6	1.28002	0.585765	0.414235	0.280017
11.61	1.28414	0.588586	0.411414	0.284145
11.62	1.28824	0.591448	0.408552	0.288245
11.63	1.29232	0.594351	0.405649	0.292316
11.64	1.29636	0.597294	0.402706	0.296358
11.65	1.30037	0.600278	0.399722	0.30037
11.66	1.30435	0.603301	0.396699	0.304352
11.67	1.3083	0.606364	0.393636	0.308304
11.68	1.31222	0.609467	0.390533	0.312224
11.69	1.31611	0.612609	0.387391	0.316114
11.7	1.31997	0.615789	0.384211	0.319972
11.71	1.3238	0.619008	0.380992	0.323798
11.72	1.32759	0.622265	0.377735	0.327592
11.73	1.33135	0.62556	0.37444	0.331353
11.74	1.33508	0.628892	0.371108	0.335081
11.75	1.33877	0.632261	0.367739	0.338775
11.76	1.34244	0.635668	0.364332	0.342435
11.77	1.34606	0.63911	0.36089	0.346061
11.78	1.34965	0.642589	0.357411	0.349653
11.79	1.35321	0.646103	0.353897	0.353209
11.8	1.35673	0.649653	0.350347	0.356731
11.81	1.36022	0.653237	0.346763	0.360216
11.82	1.36367	0.656857	0.343143	0.363666
11.83	1.36708	0.660511	0.339489	0.367079
11.84	1.37046	0.664198	0.335802	0.370455
11.85	1.37379	0.66792	0.33208	0.373795
11.86	1.3771	0.671674	0.328326	0.377097
11.87	1.38036	0.675461	0.324539	0.380361
11.88	1.38359	0.679281	0.320719	0.383588
11.89	1.38678	0.683133	0.316867	0.386776
11.9	1.38992	0.687017	0.312983	0.389925
11.91	1.39304	0.690931	0.309069	0.393035
11.92	1.39611	0.694877	0.305123	0.396106
11.93	1.39914	0.698853	0.301147	0.399138
11.94	1.40213	0.70286	0.29714	0.402129
11.95	1.40508	0.706896	0.293104	0.40508
11.96	1.40799	0.710961	0.289039	0.407991
11.97	1.41086	0.715056	0.284944	0.410861
11.98	1.41369	0.719178	0.280822	0.41369
11.99	1.41648	0.723329	0.276671	0.416477
12	1.41922	0.727508	0.272492	0.419223
12.01	1.42193	0.731714	0.268286	0.421927
12.02	1.42459	0.735946	0.264054	0.424589
12.03	1.42721	0.740205	0.259795	0.427208
12.04	1.42978	0.74449	0.25551	0.429785
12.05	1.43232	0.748801	0.251199	0.432318
12.06	1.43481	0.753136	0.246864	0.434808
12.07	1.43726	0.757497	0.242503	0.437255
12.08	1.43966	0.761881	0.238119	0.439658
12.09	1.44202	0.76629	0.23371	0.442018
12.1	1.44433	0.770722	0.229278	0.444333
12.11	1.4466	0.775176	0.224824	0.446603
12.12	1.44883	0.779653	0.220347	0.448829
12.13	1.45101	0.784153	0.215847	0.45101
12.14	1.45315	0.788674	0.211326	0.453146
12.15	1.45524	0.793215	0.206785	0.455236
12.16	1.45728	0.797778	0.202222	0.457281
12.17	1.45928	0.802361	0.197639	0.459281
12.18	1.46123	0.806964	0.193036	0.461234
12.19	1.46314	0.811585	0.188415	0.463141
12.2	1.465	0.816226	0.183774	0.465002
12.21	1.46682	0.820885	0.179115	0.466817
12.22	1.46858	0.825562	0.174438	0.468585
12.23	1.47031	0.830257	0.169743	0.470306
12.24	1.47198	0.834968	0.165032	0.471979
12.25	1.47361	0.839696	0.160304	0.473606
12.26	1.47519	0.84444	0.15556	0.475185
12.27	1.47672	0.8492	0.1508	0.476717
12.28	1.4782	0.853975	0.146025	0.478201
12.29	1.47964	0.858764	0.141236	0.479638
12.3	1.48103	0.863567	0.136433	0.481026
12.31	1.48237	0.868384	0.131616	0.482366
12.32	1.48366	0.873214	0.126786	0.483658
12.33	1.4849	0.878057	0.121943	0.484902
12.34	1.4861	0.882912	0.117088	0.486097
12.35	1.48724	0.887779	0.112221	0.487244
12.36	1.48834	0.892657	0.107343	0.488342
12.37	1.48939	0.897546	0.102454	0.489391
12.38	1.49039	0.902445	0.0975555	0.490391
12.39	1.49134	0.907353	0.0926468	0.491342
12.4	1.49224	0.912271	0.0877288	0.492243
12.41	1.4931	0.917198	0.0828021	0.493096
12.42	1.4939	0.922133	0.0778671	0.4939
12.43	1.49465	0.927076	0.0729243	0.494653
12.44	1.49536	0.932026	0.0679742	0.495358
12.45	1.49601	0.936983	0.0630173	0.496013
12.46	1.49662	0.941946	0.0580541	0.496618
12.47	1.49717	0.946915	0.0530851	0.497174
12.48	1.49768	0.951889	0.0481108	0.49768
12.49	1.49814	0.956868	0.0431316	0.498136
12.5	1.49854	0.961852	0.0381482	0.498543
12.51	1.4989	0.966839	0.0331609	0.498899
12.52	1.49921	0.97183	0.0281704	0.499206
12.53	1.49946	0.976823	0.023177	0.499463
12.54	1.49967	0.981819	0.0181813	0.499669
12.55	1.49983	0.986816	0.0131838	0.499826
12.56	1.49993	0.991815	0.00818494	0.499933
12.57	1.49999	0.996815	0.00318529	0.49999
12.58	1.5	1.00181	-0.00181469	0.499997
12.59	1.49995	1.00681	-0.00681448	0.499954
12.6	1.49986	1.01181	-0.0118136	0.49986
12.61	1.49972	1.01681	-0.0168115	0.499717
12.62	1.49952	1.02181	-0.0218078	0.499524
12.63	1.49928	1.0268	-0.0268018	0.499281
12.64	1.49899	1.03179	-0.0317932	0.498988
12.65	1.49865	1.03678	-0.0367814	0.498645
12.66	1.49825	1.04177	-0.041766	0.498253
12.67	1.49781	1.04675	-0.0467463	0.49781
12.68	1.49732	1.05172	-0.051722	0.497318
12.69	1.49678	1.05669	-0.0566925	0.496776
12.7	1.49618	1.06166	-0.0616573	0.496184
12.71	1.49554	1.06662	-0.066616	0.495542
12.72	1.49485	1.07157	-0.071568	0.494852
12.73	1.49411	1.07651	-0.0765129	0.494111
12.74	1.49332	1.08145	-0.0814501	0.493321
12.75	1.49248	1.08638	-0.0863791	0.492482
12.76	1.49159	1.0913	-0.0912996	0.491594
12.77	1.49066	1.09621	-0.0962109	0.490656
12.78	1.48967	1.10111	-0.101113	0.48967
12.79	1.48863	1.106	-0.106004	0.488634
12.8	1.48755	1.11089	-0.110885	0.487549
12.81	1.48642	1.11575	-0.115755	0.486416
12.82	1.48523	1.12061	-0.120613	0.485234
12.83	1.484	1.12546	-0.125459	0.484004
12.84	1.48273	1.13029	-0.130293	0.482725
12.85	1.4814	1.13511	-0.135114	0.481398
12.86	1.48002	1.13992	-0.139921	0.480023
12.87	1.4786	1.14471	-0.144714	0.4786
12.88	1.47713	1.14949	-0.149493	0.477129
12.89	1.47561	1.15426	-0.154257	0.47561
12.9	1.47404	1.159	-0.159005	0.474044
12.91	1.47243	1.16374	-0.163737	0.47243
12.92	1.47077	1.16845	-0.168453	0.470769
12.93	1.46906	1.17315	-0.173152	0.469061
12.94	1.46731	1.17783	-0.177834	0.467306
12.95	1.4655	1.1825	-0.182498	0.465504
12.96	1.46366	1.18714	-0.187144	0.463656
12.97	1.46176	1.19177	-0.191771	0.461762
12.98	1.45982	1.19638	-0.196379	0.459821
12.99	1.45783	1.20097	-0.200968	0.457834
13	1.4558	1.20554	-0.205536	0.455802
13.01	1.45372	1.21008	-0.210084	0.453723
13.02	1.4516	1.21461	-0.21461	0.4516
13.03	1.44943	1.21912	-0.219115	0.449431
13.04	1.44722	1.2236	-0.223599	0.447218
13.05	1.44496	1.22806	-0.22806	0.444959
13.06	1.44266	1.2325	-0.232498	0.442657
13.07	1.44031	1.23691	-0.236913	0.440309
13.08	1.43792	1.2413	-0.241304	0.437918
13.09	1.43548	1.24567	-0.245671	0.435483
13.1	1.43301	1.25001	-0.250013	0.433005
13.11	1.43048	1.25433	-0.254331	0.430483
13.12	1.42792	1.25862	-0.258623	0.427919
13.13	1.42531	1.26289	-0.262889	0.425311
13.14	1.42266	1.26713	-0.267129	0.422661
13.15	1.41997	1.27134	-0.271342	0.419968
13.16	1.41723	1.27553	-0.275528	0.417234
13.17	1.41446	1.27969	-0.279687	0.414458
13.18	1.41164	1.28382	-0.283817	0.41164
13.19	1.40878	1.28792	-0.287919	0.408782
13.2	1.40588	1.29199	-0.291993	0.405882
13.21	1.40294	1.29604	-0.296037	0.402942
13.22	1.39996	1.30005	-0.300051	0.399962
13.23	1.39694	1.30404	-0.304036	0.396941
13.24	1.39388	1.30799	-0.30799	0.393881
13.25	1.39078	1.31191	-0.311913	0.390781
13.26	1.38764	1.31581	-0.315805	0.387643
13.27	1.38447	1.31967	-0.319666	0.384465
13.28	1.38125	1.32349	-0.323495	0.38125
13.29	1.378	1.32729	-0.327291	0.377996
13.3	1.3747	1.33105	-0.331054	0.374704
13.31	1.37137	1.33478	-0.334785	0.371375
13.32	1.36801	1.33848	-0.338482	0.368008
13.33	1.36461	1.34214	-0.342145	0.364605
13.34	1.36117	1.34577	-0.345774	0.361165
13.35	1.35769	1.34937	-0.349368	0.35769
13.36	1.35418	1.35293	-0.352927	0.354178
13.37	1.35063	1.35645	-0.356452	0.350631
13.38	1.34705	1.35994	-0.35994	0.347049
13.39	1.34343	1.36339	-0.363392	0.343433
13.4	1.33978	1.36681	-0.366809	0.339782
13.41	1.3361	1.37019	-0.370188	0.336097
13.42	1.33238	1.37353	-0.37353	0.332378
13.43	1.32863	1.37684	-0.376835	0.328626
13.44	1.32484	1.3801	-0.380103	0.324841
13.45	1.32102	1.38333	-0.383332	0.321024
13.46	1.31717	1.38652	-0.386523	0.317175
13.47	1.31329	1.38968	-0.389676	0.313294
13.48	1.30938	1.39279	-0.392789	0.309381
13.49	1.30544	1.39586	-0.395863	0.305438
13.5	1.30146	1.3989	-0.398898	0.301464
13.51	1.29746	1.40189	-0.401892	0.29746
13.52	1.29343	1.40485	-0.404847	0.293427
13.53	1.28936	1.40776	-0.407761	0.289364
13.54	1.28527	1.41063	-0.410634	0.285272
13.55	1.28115	1.41347	-0.413466	0.281151
13.56	1.277	1.41626	-0.416257	0.277002
13.57	1.27283	1.41901	-0.419006	0.272826
13.58	1.26862	1.42171	-0.421713	0.268622
13.59	1.26439	1.42438	-0.424378	0.264392
13.6	1.26013	1.427	-0.427001	0.260135
13.61	1.25585	1.42958	-0.429581	0.255852
13.62	1.25154	1.43212	-0.432118	0.251543
13.63	1.24721	1.43461	-0.434612	0.24721
13.64	1.24285	1.43706	-0.437062	0.242851
13.65	1.23847	1.43947	-0.439469	0.238469
13.66	1.23406	1.44183	-0.441831	0.234062
13.67	1.22963	1.44415	-0.44415	0.229632
13.68	1.22518	1.44642	-0.446424	0.225179
13.69	1.2207	1.44865	-0.448653	0.220704
13.7	1.21621	1.45084	-0.450838	0.216206
13.71	1.21169	1.45298	-0.452977	0.211687
13.72	1.20715	1.45507	-0.455072	0.207147
13.73	1.20259	1.45712	-0.45712	0.202586
13.74	1.198	1.45912	-0.459123	0.198005
13.75	1.1934	1.46108	-0.46108	0.193404
13.76	1.18878	1.46299	-0.462991	0.188783
13.77	1.18414	1.46486	-0.464856	0.184144
13.78	1.17949	1.46667	-0.466674	0.179486
13.79	1.17481	1.46845	-0.468446	0.174811
13.8	1.17012	1.47017	-0.47017	0.170118
13.81	1.16541	1.47185	-0.471848	0.165407
13.82	1.16068	1.47348	-0.473478	0.160681
13.83	1.15594	1.47506	-0.475061	0.155938
13.84	1.15118	1.4766	-0.476597	0.15118
13.85	1.14641	1.47808	-0.478085	0.146406
13.86	1.14162	1.47953	-0.479525	0.141618
13.87	1.13682	1.48092	-0.480917	0.136816
13.88	1.132	1.48226	-0.482261	0.132
13.89	1.12717	1.48356	-0.483557	0.127171
13.9	1.12233	1.4848	-0.484805	0.122329
13.91	1.11747	1.486	-0.486004	0.117475
13.92	1.11261	1.48715	-0.487154	0.112609
13.93	1.10773	1.48826	-0.488256	0.107732
13.94	1.10284	1.48931	-0.489309	0.102844
13.95	1.09795	1.49031	-0.490313	0.097946
13.96	1.09304	1.49127	-0.491268	0.093038
13.97	1.08812	1.49217	-0.492173	0.0881208
13.98	1.08319	1.49303	-0.49303	0.0831947
13.99	1.07826	1.49384	-0.493837	0.0782603
14	1.07332	1.4946	-0.494595	0.0733181
14.01	1.06837	1.4953	-0.495304	0.0683686
14.02	1.06341	1.49596	-0.495963	0.0634122
14.03	1.05845	1.49657	-0.496572	0.0584495
14.04	1.05348	1.49713	-0.497132	0.053481
14.05	1.04851	1.49764	-0.497642	0.0485071
14.06	1.04353	1.4981	-0.498102	0.0435283
14.07	1.03855	1.49851	-0.498512	0.0385452
14.08	1.03356	1.49887	-0.498873	0.0335582
14.09	1.02857	1.49918	-0.499183	0.0285679
14.1	1.02357	1.49944	-0.499444	0.0235747
14.11	1.01858	1.49965	-0.499655	0.0185792
14.12	1.01358	1.49982	-0.499816	0.0135818
14.13	1.00858	1.49993	-0.499926	0.00858305
14.14	1.00358	1.49999	-0.499987	0.00358344
14.15	0.998583	1.5	-0.499998	-0.00141653
14.16	0.993584	1.49996	-0.499959	-0.00641635
14.17	0.988584	1.49987	-0.49987	-0.0114155
14.18	0.983586	1.49973	-0.499731	-0.0164136
14.19	0.97859	1.49954	-0.499541	-0.02141
14.2	0.973596	1.4993	-0.499302	-0.0264042
14.21	0.968604	1.49901	-0.499013	-0.0313959
14.22	0.963616	1.49867	-0.498674	-0.0363843
14.23	0.958631	1.49829	-0.498286	-0.0413692
14.24	0.95365	1.49785	-0.497847	-0.0463499
14.25	0.948674	1.49736	-0.497359	-0.051326
14.26	0.943703	1.49682	-0.496821	-0.0562969
14.27	0.938738	1.49623	-0.496233	-0.0612622
14.28	0.933779	1.4956	-0.495595	-0.0662214
14.29	0.928826	1.49491	-0.494908	-0.0711739
14.3	0.923881	1.49417	-0.494172	-0.0761194
14.31	0.918943	1.49339	-0.493386	-0.0810572
14.32	0.914013	1.49255	-0.492551	-0.0859869
14.33	0.909092	1.49167	-0.491666	-0.0909081
14.34	0.90418	1.49073	-0.490733	-0.0958201
14.35	0.899277	1.48975	-0.48975	-0.100723
14.36	0.894385	1.48872	-0.488718	-0.105615
14.37	0.889503	1.48764	-0.487638	-0.110497
14.38	0.884632	1.48651	-0.486508	-0.115368
14.39	0.879773	1.48533	-0.48533	-0.120227
14.4	0.874926	1.4841	-0.484104	-0.125074
14.41	0.870091	1.48283	-0.482829	-0.129909
14.42	0.86527	1.48151	-0.481506	-0.13473
14.43	0.860461	1.48013	-0.480134	-0.139539
14.44	0.855667	1.47871	-0.478715	-0.144333
14.45	0.850887	1.47725	-0.477248	-0.149113
14.46	0.846122	1.47573	-0.475733	-0.153878
14.47	0.841373	1.47417	-0.47417	-0.158627
14.48	0.836639	1.47256	-0.47256	-0.163361
14.49	0.831922	1.4709	-0.470903	-0.168078
14.5	0.827221	1.4692	-0.469199	-0.172779
14.51	0.822538	1.46745	-0.467448	-0.177462
14.52	0.817872	1.46565	-0.46565	-0.182128
14.53	0.813225	1.46381	-0.463805	-0.186775
14.54	0.808596	1.46191	-0.461914	-0.191404
14.55	0.803987	1.45998	-0.459977	-0.196013
14.56	0.799397	1.45799	-0.457994	-0.200603
14.57	0.794827	1.45597	-0.455965	-0.205173
14.58	0.790278	1.45389	-0.453891	-0.209722
14.59	0.78575	1.45177	-0.451771	-0.21425
14.6	0.781243	1.44961	-0.449606	-0.218757
14.61	0.776758	1.4474	-0.447396	-0.223242
14.62	0.772295	1.44514	-0.445141	-0.227705
14.63	0.767855	1.44284	-0.442842	-0.232145
14.64	0.763438	1.4405	-0.440498	-0.236562
14.65	0.759045	1.43811	-0.43811	-0.240955
14.66	0.754676	1.43568	-0.435679	-0.245324
14.67	0.750332	1.4332	-0.433204	-0.249668
14.68	0.746012	1.43069	-0.430686	-0.253988
14.69	0.741718	1.42812	-0.428124	-0.258282
14.7	0.73745	1.42552	-0.42552	-0.26255
14.71	0.733208	1.42287	-0.422873	-0.266792
14.72	0.728992	1.42018	-0.420184	-0.271008
14.73	0.724804	1.41745	-0.417453	-0.275196
14.74	0.720644	1.41468	-0.414681	-0.279356
14.75	0.716511	1.41187	-0.411866	-0.283489
14.76	0.712406	1.40901	-0.409011	-0.287594
14.77	0.708331	1.40611	-0.406115	-0.291669
14.78	0.704284	1.40318	-0.403178	-0.295716
14.79	0.700267	1.4002	-0.4002	-0.299733
14.8	0.69628	1.39718	-0.397183	-0.30372
14.81	0.692324	1.39413	-0.394126	-0.307676
14.82	0.688398	1.39103	-0.39103	-0.311602
14.83	0.684503	1.38789	-0.387894	-0.315497
14.84	0.68064	1.38472	-0.38472	-0.31936
14.85	0.676809	1.38151	-0.381507	-0.323191
14.86	0.67301	1.37826	-0.378256	-0.32699
14.87	0.669244	1.37497	-0.374967	-0.330756
14.88	0.665511	1.37164	-0.371641	-0.334489
14.89	0.661811	1.36828	-0.368278	-0.338189
14.9	0.658146	1.36488	-0.364877	-0.341854
14.91	0.654514	1.36144	-0.361441	-0.345486
14.92	0.650917	1.35797	-0.357968	-0.349083
14.93	0.647355	1.35446	-0.354459	-0.352645
14.94	0.643828	1.35092	-0.350915	-0.356172
14.95	0.640336	1.34734	-0.347336	-0.359664
14.96	0.636881	1.34372	-0.343722	-0.363119
14.97	0.633462	1.34007	-0.340074	-0.366538
14.98	0.63008	1.33639	-0.336391	-0.36992
14.99	0.626734	1.33268	-0.332675	-0.373266
15	0.623426	1.32893	-0.328926	-0.376574
15.01	0.620156	1.32514	-0.325144	-0.379844
15.02	0.616924	1.32133	-0.321329	-0.383076
15.03	0.61373	1.31748	-0.317483	-0.38627
15.04	0.610574	1.3136	-0.313604	-0.389426
15.05	0.607458	1.30969	-0.309694	-0.392542
15.06	0.60438	1.30575	-0.305753	-0.39562
15.07	0.601343	1.30178	-0.301782	-0.398657
15.08	0.598345	1.29778	-0.29778	-0.401655
15.09	0.595387	1.29375	-0.293749	-0.404613
15.1	0.59247	1.28969	-0.289688	-0.40753
15.11	0.589593	1.2856	-0.285598	-0.410407
15.12	0.586758	1.28148	-0.28148	-0.413242
15.13	0.583964	1.27733	-0.277334	-0.416036
15.14	0.581211	1.27316	-0.27316	-0.418789
15.15	0.578501	1.26896	-0.268958	-0.421499
15.16	0.575832	1.26473	-0.26473	-0.424168
15.17	0.573206	1.26047	-0.260475	-0.426794
15.18	0.570623	1.25619	-0.256194	-0.429377
15.19	0.568083	1.25189	-0.251887	-0.431917
15.2	0.565585	1.24756	-0.247556	-0.434415
15.21	0.563132	1.2432	-0.243199	-0.436868
15.22	0.560721	1.23882	-0.238819	-0.439279
15.23	0.558355	1.23441	-0.234414	-0.441645
15.24	0.556033	1.22999	-0.229986	-0.443967
15.25	0.553756	1.22553	-0.225535	-0.446244
15.26	0.551523	1.22106	-0.221061	-0.448477
15.27	0.549334	1.21657	-0.216565	-0.450666
15.28	0.547191	1.21205	-0.212048	-0.452809
15.29	0.545094	1.20751	-0.207509	-0.454906
15.3	0.543041	1.20295	-0.20295	-0.456959
15.31	0.541035	1.19837	-0.19837	-0.458965
15.32	0.539074	1.19377	-0.193771	-0.460926
15.33	0.537159	1.18915	-0.189152	-0.462841
15.34	0.535291	1.18451	-0.184514	-0.464709
15.35	0.533469	1.17986	-0.179858	-0.466531
15.36	0.531694	1.17518	-0.175184	-0.468306
15.37	0.529965	1.17049	-0.170492	-0.470035
15.38	0.528284	1.16578	-0.165783	-0.471716
15.39	0.52665	1.16106	-0.161058	-0.47335
15.4	0.525063	1.15632	-0.156316	-0.474937
15.41	0.523524	1.15156	-0.151559	-0.476476
15.42	0.522032	1.14679	-0.146787	-0.477968
15.43	0.520588	1.142	-0.142	-0.479412
15.44	0.519192	1.1372	-0.137199	-0.480808
15.45	0.517844	1.13238	-0.132384	-0.482156
15.46	0.516544	1.12756	-0.127556	-0.483456
15.47	0.515293	1.12272	-0.122715	-0.484707
15.48	0.51409	1.11786	-0.117862	-0.48591
15.49	0.512936	1.113	-0.112997	-0.487064
15.5	0.51183	1.10812	-0.108121	-0.48817
15.51	0.510773	1.10323	-0.103234	-0.489227
15.52	0.509765	1.09834	-0.0983364	-0.490235
15.53	0.508807	1.09343	-0.0934292	-0.491193
15.54	0.507897	1.08851	-0.0885127	-0.492103
15.55	0.507036	1.08359	-0.0835873	-0.492964
15.56	0.506225	1.07865	-0.0786536	-0.493775
15.57	0.505463	1.07371	-0.073712	-0.494537
15.58	0.504751	1.06876	-0.068763	-0.495249
15.59	0.504088	1.06381	-0.0638072	-0.495912
15.6	0.503475	1.05884	-0.0588449	-0.496525
15.61	0.502911	1.05388	-0.0538768	-0.497089
15.62	0.502397	1.0489	-0.0489033	-0.497603
15.63	0.501933	1.04392	-0.0439249	-0.498067
15.64	0.501519	1.03894	-0.0389422	-0.498481
15.65	0.501154	1.03396	-0.0339555	-0.498846
15.66	0.50084	1.02897	-0.0289654	-0.49916
15.67	0.500575	1.02397	-0.0239724	-0.499425
15.68	0.50036	1.01898	-0.0189771	-0.49964
15.69	0.500195	1.01398	-0.0139798	-0.499805
15.7	0.500081	1.00898	-0.00898115	-0.499919
15.71	0.500016	1.00398	-0.00398159	-0.499984
15.72	0.500001	0.998982	0.00101837	-0.499999
15.73	0.500036	0.993982	0.00601822	-0.499964
15.74	0.500121	0.988983	0.0110175	-0.499879
15.75	0.500257	0.983984	0.0160156	-0.499743
15.76	0.500442	0.978988	0.0210122	-0.499558
15.77	0.500677	0.973993	0.0260066	-0.499323
15.78	0.500962	0.969002	0.0309985	-0.499038
15.79	0.501297	0.964013	0.0359872	-0.498703
15.8	0.501682	0.959028	0.0409724	-0.498318
15.81	0.502116	0.954047	0.0459534	-0.497884
15.82	0.502601	0.94907	0.0509299	-0.497399
15.83	0.503135	0.944099	0.0559012	-0.496865
15.84	0.503719	0.939133	0.060867	-0.496281
15.85	0.504352	0.934173	0.0658267	-0.495648
15.86	0.505035	0.92922	0.0707798	-0.494965
15.87	0.505768	0.924274	0.0757258	-0.494232
15.88	0.50655	0.919336	0.0806643	-0.49345
15.89	0.507381	0.914405	0.0855947	-0.492619
15.9	0.508261	0.909483	0.0905165	-0.491739
15.91	0.509191	0.904571	0.0954293	-0.490809
15.92	0.51017	0.899667	0.100333	-0.48983
15.93	0.511198	0.894774	0.105226	-0.488802
15.94	0.512275	0.889892	0.110108	-0.487725
15.95	0.5134	0.88502	0.11498	-0.4866
15.96	0.514574	0.88016	0.11984	-0.485426
15.97	0.515797	0.875312	0.124688	-0.484203
15.98	0.517068	0.870476	0.129524	-0.482932
15.99	0.518387	0.865653	0.134347	-0.481613
16	0.519755	0.860844	0.139156	-0.480245
16.01	0.52117	0.856048	0.143952	-0.47883
16.02	0.522634	0.851267	0.148733	-0.477366
16.03	0.524145	0.846501	0.153499	-0.475855
16.04	0.525704	0.84175	0.15825	-0.474296
16.05	0.52731	0.837015	0.162985	-0.47269
16.06	0.528963	0.832297	0.167703	-0.471037
16.07	0.530664	0.827595	0.172405	-0.469336
16.08	0.532411	0.82291	0.17709	-0.467589
16.09	0.534206	0.818243	0.181757	-0.465794
16.1	0.536046	0.813594	0.186406	-0.463954
16.11	0.537934	0.808964	0.191036	-0.462066
16.12	0.539867	0.804353	0.195647	-0.460133
16.13	0.541846	0.799762	0.200238	-0.458154
16.14	0.543872	0.79519	0.20481	-0.456128
16.15	0.545943	0.790639	0.209361	-0.454057
16.16	0.548059	0.786109	0.213891	-0.451941
16.17	0.55022	0.781601	0.218399	-0.44978
16.18	0.552427	0.777114	0.222886	-0.447573
16.19	0.554678	0.772649	0.227351	-0.445322
16.2	0.556974	0.768208	0.231792	-0.443026
16.21	0.559314	0.763789	0.236211	-0.440686
16.22	0.561698	0.759394	0.240606	-0.438302
16.23	0.564126	0.755023	0.244977	-0.435874
16.24	0.566597	0.750677	0.249323	-0.433403
16.25	0.569112	0.746355	0.253645	-0.430888
16.26	0.57167	0.742059	0.257941	-0.42833
16.27	0.574271	0.737789	0.262211	-0.425729
16.28	0.576914	0.733545	0.266455	-0.423086
16.29	0.5796	0.729327	0.270673	-0.4204
16.3	0.582328	0.725137	0.274863	-0.417672
16.31	0.585097	0.720974	0.279026	-0.414903
16.32	0.587908	0.716839	0.283161	-0.412092
16.33	0.59076	0.712732	0.287268	-0.40924
16.34	0.593653	0.708654	0.291346	-0.406347
16.35	0.596587	0.704605	0.295395	-0.403413
16.36	0.599561	0.700586	0.299414	-0.400439
16.37	0.602575	0.696597	0.303403	-0.397425
16.38	0.605629	0.692638	0.307362	-0.394371
16.39	0.608722	0.688709	0.311291	-0.391278
16.4	0.611855	0.684812	0.315188	-0.388145
16.41	0.615026	0.680947	0.319053	-0.384974
16.42	0.618236	0.677113	0.322887	-0.381764
16.43	0.621484	0.673312	0.326688	-0.378516
16.44	0.624769	0.669543	0.330457	-0.375231
16.45	0.628093	0.665807	0.334193	-0.371907
16.46	0.631453	0.662105	0.337895	-0.368547
16.47	0.63485	0.658436	0.341564	-0.36515
16.48	0.638284	0.654802	0.345198	-0.361716
16.49	0.641754	0.651202	0.348798	-0.358246
16.5	0.64526	0.647637	0.352363	-0.35474
16.51	0.648801	0.644107	0.355893	-0.351199
16.52	0.652378	0.640613	0.359387	-0.347622
16.53	0.655989	0.637155	0.362845	-0.344011
16.54	0.659635	0.633733	0.366267	-0.340365
16.55	0.663314	0.630348	0.369652	-0.336686
16.56	0.667028	0.626999	0.373001	-0.332972
16.57	0.670774	0.623688	0.376312	-0.329226
16.58	0.674554	0.620415	0.379585	-0.325446
16.59	0.678366	0.61718	0.38282	-0.321634
16.6	0.68221	0.613983	0.386017	-0.31779
16.61	0.686086	0.610824	0.389176	-0.313914
16.62	0.689993	0.607704	0.392296	-0.310007
16.63	0.693932	0.604624	0.395376	-0.306068
16.64	0.697901	0.601583	0.398417	-0.302099
16.65	0.7019	0.598582	0.401418	-0.2981
16.66	0.705929	0.595621	0.404379	-0.294071
16.67	0.709987	0.592701	0.407299	-0.290013
16.68	0.714075	0.589821	0.410179	-0.285925
16.69	0.718191	0.586982	0.413018	-0.281809
16.7	0.722335	0.584185	0.415815	-0.277665
16.71	0.726507	0.581429	0.418571	-0.273493
16.72	0.730706	0.578715	0.421285	-0.269294
16.73	0.734933	0.576043	0.423957	-0.265067
16.74	0.739185	0.573414	0.426586	-0.260815
16.75	0.743464	0.570827	0.429173	-0.256536
16.76	0.747769	0.568283	0.431717	-0.252231
16.77	0.752098	0.565783	0.434217	-0.247902
16.78	0.756453	0.563325	0.436675	-0.243547
16.79	0.760832	0.560912	0.439088	-0.239168
16.8	0.765234	0.558542	0.441458	-0.234766
16.81	0.769661	0.556216	0.443784	-0.230339
16.82	0.77411	0.553935	0.446065	-0.22589
16.83	0.778582	0.551699	0.448301	-0.221418
16.84	0.783076	0.549507	0.450493	-0.216924
16.85	0.787592	0.54736	0.45264	-0.212408
16.86	0.792129	0.545259	0.454741	-0.207871
16.87	0.796686	0.543203	0.456797	-0.203314
16.88	0.801264	0.541193	0.458807	-0.198736
16.89	0.805862	0.539228	0.460772	-0.194138
16.9	0.81048	0.53731	0.46269	-0.18952
16.91	0.815116	0.535438	0.464562	-0.184884
16.92	0.819771	0.533612	0.466388	-0.180229
16.93	0.824443	0.531833	0.468167	-0.175557
16.94	0.829134	0.530101	0.469899	-0.170866
16.95	0.833841	0.528416	0.471584	-0.166159
16.96	0.838565	0.526778	0.473222	-0.161435
16.97	0.843306	0.525188	0.474812	-0.156694
16.98	0.848061	0.523644	0.476356	-0.151939
16.99	0.852833	0.522149	0.477851	-0.147167
17	0.857618	0.520701	0.479299	-0.142382
17.01	0.862418	0.519301	0.480699	-0.137582
17.02	0.867232	0.517949	0.482051	-0.132768
17.03	0.872059	0.516646	0.483354	-0.127941
17.04	0.876899	0.515391	0.484609	-0.123101
17.05	0.881751	0.514184	0.485816	-0.118249
17.06	0.886615	0.513026	0.486974	-0.113385
17.07	0.891491	0.511916	0.488084	-0.108509
17.08	0.896377	0.510856	0.489144	-0.103623
17.09	0.901273	0.509844	0.490156	-0.0987267
17.1	0.90618	0.508881	0.491119	-0.0938203
17.11	0.911095	0.507967	0.492033	-0.0889045
17.12	0.91602	0.507103	0.492897	-0.0839798
17.13	0.920953	0.506288	0.493712	-0.0790468
17.14	0.925894	0.505522	0.494478	-0.0741058
17.15	0.930843	0.504806	0.495194	-0.0691574
17.16	0.935798	0.504139	0.495861	-0.0642021
17.17	0.94076	0.503522	0.496478	-0.0592403
17.18	0.945727	0.502954	0.497046	-0.0542727
17.19	0.9507	0.502436	0.497564	-0.0492996
17.2	0.955678	0.501968	0.498032	-0.0443215
17.21	0.960661	0.50155	0.49845	-0.0393391
17.22	0.965647	0.501182	0.498818	-0.0343527
17.23	0.970637	0.500863	0.499137	-0.0293629
17.24	0.97563	0.500594	0.499406	-0.0243701
17.25	0.980625	0.500376	0.499624	-0.0193749
17.26	0.985622	0.500207	0.499793	-0.0143778
17.27	0.990621	0.500088	0.499912	-0.00937925
17.28	0.99562	0.500019	0.499981	-0.00437974
17.29	1.00062	0.5	0.5	0.000620202
17.3	1.00562	0.500032	0.499968	0.00562008
17.31	1.01062	0.500113	0.499887	0.0106194
17.32	1.01562	0.500244	0.499756	0.0156177
17.33	1.02061	0.500425	0.499575	0.0206144
17.34	1.02561	0.500656	0.499344	0.025609
17.35	1.0306	0.500937	0.499063	0.0306011
17.36	1.03559	0.501268	0.498732	0.0355901
17.37	1.04058	0.501649	0.498351	0.0405755
17.38	1.04556	0.50208	0.49792	0.0455569
17.39	1.05053	0.50256	0.49744	0.0505338
17.4	1.05551	0.50309	0.49691	0.0555056
17.41	1.06047	0.50367	0.49633	0.0604718
17.42	1.06543	0.5043	0.4957	0.065432
17.43	1.07039	0.504979	0.495021	0.0703856
17.44	1.07533	0.505708	0.494292	0.0753322
17.45	1.08027	0.506486	0.493514	0.0802713
17.46	1.0852	0.507313	0.492687	0.0852024
17.47	1.09012	0.50819	0.49181	0.0901249
17.48	1.09504	0.509115	0.490885	0.0950384
17.49	1.09994	0.51009	0.48991	0.0999424
17.5	1.10484	0.511114	0.488886	0.104836
17.51	1.10972	0.512187	0.487813	0.10972
17.52	1.11459	0.513309	0.486691	0.114593
17.53	1.11945	0.514479	0.485521	0.119454
17.54	1.1243	0.515698	0.484302	0.124303
17.55	1.12914	0.516965	0.483035	0.12914
17.56	1.13396	0.51828	0.48172	0.133963
17.57	1.13877	0.519644	0.480356	0.138774
17.58	1.14357	0.521056	0.478944	0.14357
17.59	1.14835	0.522515	0.477485	0.148352
17.6	1.15312	0.524023	0.475977	0.15312
17.61	1.15787	0.525578	0.474422	0.157872
17.62	1.16261	0.52718	0.47282	0.162608
17.63	1.16733	0.52883	0.47117	0.167328
17.64	1.17203	0.530527	0.469473	0.172031
17.65	1.17672	0.53227	0.46773	0.176717
17.66	1.18139	0.534061	0.465939	0.181386
17.67	1.18604	0.535898	0.464102	0.186036
17.68	1.19067	0.537782	0.462218	0.190668
17.69	1.19528	0.539711	0.460289	0.19528
17.7	1.19987	0.541687	0.458313	0.199873
17.71	1.20445	0.543709	0.456291	0.204446
17.72	1.209	0.545776	0.454224	0.208999
17.73	1.21353	0.547889	0.452111	0.213531
17.74	1.21804	0.550047	0.449953	0.218041
17.75	1.22253	0.552249	0.447751	0.22253
17.76	1.227	0.554497	0.445503	0.226996
17.77	1.23144	0.556789	0.443211	0.23144
17.78	1.23586	0.559126	0.440874	0.23586
17.79	1.24026	0.561506	0.438494	0.240257
17.8	1.24463	0.563931	0.436069	0.24463
17.81	1.24898	0.566399	0.433601	0.248978
17.82	1.2533	0.56891	0.43109	0.253302
17.83	1.2576	0.571465	0.428535	0.2576
17.84	1.26187	0.574062	0.425938	0.261872
17.85	1.26612	0.576702	0.423298	0.266118
17.86	1.27034	0.579385	0.420615	0.270338
17.87	1.27453	0.582109	0.417891	0.274531
17.88	1.2787	0.584875	0.415125	0.278696
17.89	1.28283	0.587683	0.412317	0.282833
17.9	1.28694	0.590532	0.409468	0.286942
17.91	1.29102	0.593421	0.406579	0.291022
17.92	1.29507	0.596352	0.403648	0.295073
17.93	1.29909	0.599323	0.400677	0.299095
17.94	1.30309	0.602334	0.397666	0.303087
17.95	1.30705	0.605384	0.394616	0.307048
17.96	1.31098	0.608475	0.391525	0.310979
17.97	1.31488	0.611604	0.388396	0.314879
17.98	1.31875	0.614772	0.385228	0.318747
17.99	1.32258	0.617979	0.382021	0.322583
18	1.32639	0.621224	0.378776	0.326387
18.01	1.33016	0.624506	0.375494	0.330158
18.02	1.3339	0.627827	0.372173	0.333897
18.03	1.3376	0.631184	0.368816	0.337602
18.04	1.34127	0.634579	0.365421	0.341273
18.05	1.34491	0.63801	0.36199	0.34491
18.06	1.34851	0.641477	0.358523	0.348513
18.07	1.35208	0.64498	0.35502	0.35208
18.08	1.35561	0.648518	0.351482	0.355613
18.09	1.35911	0.652092	0.347908	0.35911
18.1	1.36257	0.6557	0.3443	0.362571
18.11	1.366	0.659343	0.340657	0.365996
18.12	1.36938	0.66302	0.33698	0.369384
18.13	1.37274	0.666731	0.333269	0.372735
18.14	1.37605	0.670475	0.329525	0.376049
18.15	1.37933	0.674252	0.325748	0.379326
18.16	1.38256	0.678061	0.321939	0.382564
18.17	1.38576	0.681903	0.318097	0.385764
18.18	1.38893	0.685776	0.314224	0.388926
18.19	1.39205	0.689681	0.310319	0.392049
18.2	1.39513	0.693617	0.306383	0.395132
18.21	1.39818	0.697584	0.302416	0.398176
18.22	1.40118	0.70158	0.29842	0.40118
18.23	1.40414	0.705607	0.294393	0.404145
18.24	1.40707	0.709663	0.290337	0.407068
18.25	1.40995	0.713748	0.286252	0.409951
18.26	1.41279	0.717862	0.282138	0.412793
18.27	1.41559	0.722004	0.277996	0.415594
18.28	1.41835	0.726174	0.273826	0.418353
18.29	1.42107	0.730371	0.269629	0.42107
18.3	1.42375	0.734595	0.265405	0.423745
18.31	1.42638	0.738846	0.261154	0.426378
18.32	1.42897	0.743122	0.256878	0.428968
18.33	1.43152	0.747425	0.252575	0.431516
18.34	1.43402	0.751753	0.248247	0.43402
18.35	1.43648	0.756105	0.243895	0.436481
18.36	1.4389	0.760482	0.239518	0.438898
18.37	1.44127	0.764883	0.235117	0.441271
18.38	1.4436	0.769307	0.230693	0.4436
18.39	1.44588	0.773755	0.226245	0.445885
18.4	1.44812	0.778225	0.221775	0.448125
18.41	1.45032	0.782717	0.217283	0.45032
18.42	1.45247	0.787231	0.212769	0.45247
18.43	1.45458	0.791766	0.208234	0.454575
18.44	1.45663	0.796323	0.203677	0.456635
18.45	1.45865	0.800899	0.199101	0.458649
18.46	1.46062	0.805495	0.194505	0.460617
18.47	1.46254	0.810111	0.189889	0.462539
18.48	1.46441	0.814746	0.185254	0.464415
18.49	1.46624	0.819399	0.180601	0.466244
18.5	1.46803	0.824071	0.175929	0.468027
18.51	1.46976	0.82876	0.17124	0.469762
18.52	1.47145	0.833466	0.166534	0.471451
18.53	1.47309	0.838189	0.161811	0.473093
18.54	1.47469	0.842928	0.157072	0.474688
18.55	1.47623	0.847682	0.152318	0.476234
18.56	1.47773	0.852452	0.147548	0.477734
18.57	1.47919	0.857237	0.142763	0.479185
18.58	1.48059	0.862036	0.137964	0.480589
18.59	1.48194	0.866848	0.133152	0.481945
18.6	1.48325	0.871674	0.128326	0.483252
18.61	1.48451	0.876513	0.123487	0.484511
18.62	1.48572	0.881364	0.118636	0.485722
18.63	1.48688	0.886227	0.113773	0.486884
18.64	1.488	0.891102	0.108898	0.487997
18.65	1.48906	0.895987	0.104013	0.489062
18.66	1.49008	0.900883	0.099117	0.490077
18.67	1.49104	0.905789	0.0942114	0.491044
18.68	1.49196	0.910704	0.0892963	0.491962
18.69	1.49283	0.915628	0.0843723	0.49283
18.7	1.49365	0.92056	0.0794399	0.493649
18.71	1.49442	0.9255	0.0744995	0.494419
18.72	1.49514	0.930448	0.0695517	0.495139
18.73	1.49581	0.935403	0.0645969	0.49581
18.74	1.49643	0.940364	0.0596357	0.496431
18.75	1.497	0.945332	0.0546684	0.497002
18.76	1.49752	0.950304	0.0496958	0.497524
18.77	1.498	0.955282	0.0447181	0.497996
18.78	1.49842	0.960264	0.039736	0.498419
18.79	1.49879	0.96525	0.0347499	0.498791
18.8	1.49911	0.97024	0.0297604	0.499114
18.81	1.49939	0.975232	0.0247678	0.499386
18.82	1.49961	0.980227	0.0197728	0.499609
18.83	1.49978	0.985224	0.0147758	0.499782
18.84	1.4999	0.990223	0.00977734	0.499904
18.85	1.49998	0.995222	0.00477789	0.499977
18.86	1.5	1.00022	-0.000222039	0.5
18.87	1.49997	1.00522	-0.00522194	0.499973
18.88	1.4999	1.01022	-0.0102213	0.499896
18.89	1.49977	1.01522	-0.0152197	0.499768
18.9	1.49959	1.02022	-0.0202165	0.499591
18.91	1.49936	1.02521	-0.0252113	0.499364
18.92	1.49909	1.0302	-0.0302036	0.499087
18.93	1.49876	1.03519	-0.0351929	0.49876
18.94	1.49838	1.04018	-0.0401787	0.498383
18.95	1.49796	1.04516	-0.0451604	0.497956
18.96	1.49748	1.05014	-0.0501376	0.49748
18.97	1.49695	1.05511	-0.0551098	0.496954
18.98	1.49638	1.06008	-0.0600765	0.496378
18.99	1.49575	1.06504	-0.0650372	0.495752
19	1.49508	1.06999	-0.0699914	0.495077
19.01	1.49435	1.07494	-0.0749386	0.494352
19.02	1.49358	1.07988	-0.0798783	0.493578
19.03	1.49275	1.08481	-0.08481	0.492755
19.04	1.49188	1.08973	-0.0897332	0.491882
19.05	1.49096	1.09465	-0.0946475	0.49096
19.06	1.48999	1.09955	-0.0995523	0.489989
19.07	1.48897	1.10445	-0.104447	0.488969
19.08	1.4879	1.10933	-0.109331	0.4879
19.09	1.48678	1.1142	-0.114205	0.486783
19.1	1.48562	1.11907	-0.119067	0.485616
19.11	1.4844	1.12392	-0.123917	0.484401
19.12	1.48314	1.12875	-0.128755	0.483138
19.13	1.48183	1.13358	-0.13358	0.481826
19.14	1.48047	1.13839	-0.138391	0.480466
19.15	1.47906	1.14319	-0.143189	0.479058
19.16	1.4776	1.14797	-0.147972	0.477603
19.17	1.4761	1.15274	-0.152741	0.476099
19.18	1.47455	1.15749	-0.157494	0.474548
19.19	1.47295	1.16223	-0.162232	0.472949
19.2	1.4713	1.16695	-0.166953	0.471303
19.21	1.46961	1.17166	-0.171657	0.46961
19.22	1.46787	1.17634	-0.176345	0.46787
19.23	1.46608	1.18101	-0.181015	0.466083
19.24	1.46425	1.18567	-0.185666	0.46425
19.25	1.46237	1.1903	-0.1903	0.46237
19.26	1.46044	1.19491	-0.194914	0.460444
19.27	1.45847	1.19951	-0.199508	0.458472
19.28	1.45645	1.20408	-0.204083	0.456454
19.29	1.45439	1.20864	-0.208637	0.45439
19.3	1.45228	1.21317	-0.213171	0.452281
19.31	1.45013	1.21768	-0.217683	0.450127
19.32	1.44793	1.22217	-0.222173	0.447928
19.33	1.44568	1.22664	-0.226641	0.445684
19.34	1.44339	1.23109	-0.231087	0.443395
19.35	1.44106	1.23551	-0.235509	0.441062
19.36	1.43868	1.23991	-0.239908	0.438685
19.37	1.43626	1.24428	-0.244282	0.436264
19.38	1.4338	1.24863	-0.248633	0.433799
19.39	1.43129	1.25296	-0.252958	0.431291
19.4	1.42874	1.25726	-0.257258	0.42874
19.41	1.42615	1.26153	-0.261533	0.426146
19.42	1.42351	1.26578	-0.265781	0.42351
19.43	1.42083	1.27	-0.270003	0.420831
19.44	1.41811	1.2742	-0.274198	0.41811
19.45	1.41535	1.27836	-0.278365	0.415347
19.46	1.41254	1.2825	-0.282504	0.412542
19.47	1.4097	1.28662	-0.286616	0.409697
19.48	1.40681	1.2907	-0.290698	0.40681
19.49	1.40388	1.29475	-0.294752	0.403883
19.5	1.40092	1.29878	-0.298776	0.400915
19.51	1.39791	1.30277	-0.30277	0.397907
19.52	1.39486	1.30673	-0.306734	0.39486
19.53	1.39177	1.31067	-0.310667	0.391773
19.54	1.38865	1.31457	-0.314569	0.388647
19.55	1.38548	1.31844	-0.31844	0.385482
19.56	1.38228	1.32228	-0.322279	0.382278
19.57	1.37904	1.32609	-0.326085	0.379036
19.58	1.37576	1.32986	-0.329859	0.375756
19.59	1.37244	1.3336	-0.3336	0.372439
19.6	1.36908	1.33731	-0.337308	0.369085
19.61	1.36569	1.34098	-0.340982	0.365693
19.62	1.36227	1.34462	-0.344622	0.362265
19.63	1.3588	1.34823	-0.348227	0.358801
19.64	1.3553	1.3518	-0.351798	0.355301
19.65	1.35176	1.35533	-0.355333	0.351765
19.66	1.34819	1.35883	-0.358833	0.348194
19.67	1.34459	1.3623	-0.362297	0.344588
19.68	1.34095	1.36572	-0.365724	0.340948
19.69	1.33727	1.36912	-0.369115	0.337274
19.7	1.33357	1.37247	-0.37247	0.333566
19.71	1.32982	1.37579	-0.375787	0.329825
19.72	1.32605	1.37907	-0.379066	0.32605
19.73	1.32224	1.38231	-0.382308	0.322244
19.74	1.3184	1.38551	-0.385511	0.318404
19.75	1.31453	1.38868	-0.388676	0.314533
19.76	1.31063	1.3918	-0.391801	0.310631
19.77	1.3067	1.39489	-0.394888	0.306698
19.78	1.30273	1.39794	-0.397935	0.302733
19.79	1.29874	1.40094	-0.400943	0.298739
19.8	1.29471	1.40391	-0.40391	0.294715
19.81	1.29066	1.40684	-0.406837	0.290661
19.82	1.28658	1.40972	-0.409723	0.286578
19.83	1.28247	1.41257	-0.412568	0.282467
19.84	1.27833	1.41537	-0.415372	0.278327
19.85	1.27416	1.41813	-0.418135	0.274159
19.86	1.26996	1.42086	-0.420855	0.269964
19.87	1.26574	1.42353	-0.423534	0.265742
19.88	1.26149	1.42617	-0.42617	0.261494
19.89	1.25722	1.42876	-0.428764	0.257219
19.9	1.25292	1.43131	-0.431314	0.252919
19.91	1.24859	1.43382	-0.433822	0.248593
19.92	1.24424	1.43629	-0.436286	0.244242
19.93	1.23987	1.43871	-0.438707	0.239867
19.94	1.23547	1.44108	-0.441084	0.235468
19.95	1.23105	1.44342	-0.443416	0.231046
19.96	1.2266	1.4457	-0.445704	0.2266
19.97	1.22213	1.44795	-0.447948	0.222132
19.98	1.21764	1.45015	-0.450147	0.217641
19.99	1.21313	1.4523	-0.452301	0.213129
