10 0.4 0.00281483 1.09464 0.406752 0.445249
10 0.45 0.00316668 1.09464 0.406752 0.445249
10 0.5 0.00351854 1.09464 0.406752 0.445249
10 0.55 0.00387039 1.09464 0.406752 0.445249
10 0.6 0.00422225 1.09464 0.406752 0.445249
10 0.65 0.0045741 1.09464 0.406752 0.445249
10 0.7 0.00492595 1.09464 0.406752 0.445249
10 0.75 0.00527781 1.09464 0.406752 0.445249
10 0.8 0.00562966 1.09464 0.406752 0.445249
10 0.85 0.00598151 1.09464 0.406752 0.445249
10 0.9 0.00633337 1.09464 0.406752 0.445249
10 0.95 0.00668522 1.09464 0.406752 0.445249
10 1 0.00703708 1.09464 0.406752 0.445249
10 1.05 0.00738893 1.09464 0.406752 0.445249
10 1.1 0.00774078 1.09464 0.406752 0.445249
10 1.15 0.00809264 1.09464 0.406752 0.445249
10 1.2 0.00844449 1.09464 0.406752 0.445249
10 1.25 0.00879635 1.09464 0.406752 0.445249
10 1.3 0.0091482 1.09464 0.406752 0.445249
10 1.35 0.00950005 1.09464 0.406752 0.445249
10 1.4 0.00985191 1.09464 0.406752 0.445249
10 1.45 0.0102038 1.09464 0.406752 0.445249
10 1.5 0.0105556 1.09464 0.406752 0.445249
10 1.55 0.0109075 1.09464 0.406752 0.445249
10 1.6 0.0112593 1.09464 0.406752 0.445249
10 1.65 0.0116112 1.09464 0.406752 0.445249
10 1.7 0.011963 1.09464 0.406752 0.445249
10 1.75 0.0123149 1.09464 0.406752 0.445249
10 1.8 0.0126667 1.09464 0.406752 0.445249
10 1.85 0.0130186 1.09464 0.406752 0.445249
10 1.9 0.0133704 1.09464 0.406752 0.445249
10 1.95 0.0137223 1.09464 0.406752 0.445249
210 0.4 0.00072926 2.98754 0.942316 2.81521
210 0.45 0.000820418 2.98754 0.942316 2.81521
210 0.5 0.000911576 2.98754 0.942316 2.81521
210 0.55 0.00100273 2.98754 0.942316 2.81521
210 0.6 0.00109389 2.98754 0.942316 2.81521
210 0.65 0.00118505 2.98754 0.942316 2.81521
210 0.7 0.00127621 2.98754 0.942316 2.81521
210 0.75 0.00136736 2.98754 0.942316 2.81521
210 0.8 0.00145852 2.98754 0.942316 2.81521
210 0.85 0.00154968 2.98754 0.942316 2.81521
210 0.9 0.00164084 2.98754 0.942316 2.81521
210 0.95 0.00173199 2.98754 0.942316 2.81521
210 1 0.00182315 2.98754 0.942316 2.81521
210 1.05 0.00191431 2.98754 0.942316 2.81521
210 1.1 0.00200547 2.98754 0.942316 2.81521
210 1.15 0.00209662 2.98754 0.942316 2.81521
210 1.2 0.00218778 2.98754 0.942316 2.81521
210 1.25 0.00227894 2.98754 0.942316 2.81521
210 1.3 0.0023701 2.98754 0.942316 2.81521
210 1.35 0.00246125 2.98754 0.942316 2.81521
210 1.4 0.00255241 2.98754 0.942316 2.81521
210 1.45 0.00264357 2.98754 0.942316 2.81521
210 1.5 0.00273473 2.98754 0.942316 2.81521
210 1.55 0.00282588 2.98754 0.942316 2.81521
210 1.6 0.00291704 2.98754 0.942316 2.81521
210 1.65 0.0030082 2.98754 0.942316 2.81521
210 1.7 0.00309936 2.98754 0.942316 2.81521
210 1.75 0.00319051 2.98754 0.942316 2.81521
210 1.8 0.00328167 2.98754 0.942316 2.81521
210 1.85 0.00337283 2.98754 0.942316 2.81521
210 1.9 0.00346399 2.98754 0.942316 2.81521
210 1.95 0.00355514 2.98754 0.942316 2.81521
410 0.4 0.000739089 4.88043 0.978783 4.77688
410 0.45 0.000831475 4.88043 0.978783 4.77688
410 0.5 0.000923861 4.88043 0.978783 4.77688
410 0.55 0.00101625 4.88043 0.978783 4.77688
410 0.6 0.00110863 4.88043 0.978783 4.77688
410 0.65 0.00120102 4.88043 0.978783 4.77688
410 0.7 0.00129341 4.88043 0.978783 4.77688
410 0.75 0.00138579 4.88043 0.978783 4.77688
410 0.8 0.00147818 4.88043 0.978783 4.77688
410 0.85 0.00157056 4.88043 0.978783 4.77688
410 0.9 0.00166295 4.88043 0.978783 4.77688
410 0.95 0.00175534 4.88043 0.978783 4.77688
410 1 0.00184772 4.88043 0.978783 4.77688
410 1.05 0.00194011 4.88043 0.978783 4.77688
410 1.1 0.0020325 4.88043 0.978783 4.77688
410 1.15 0.00212488 4.88043 0.978783 4.77688
410 1.2 0.00221727 4.88043 0.978783 4.77688
410 1.25 0.00230965 4.88043 0.978783 4.77688
410 1.3 0.00240204 4.88043 0.978783 4.77688
410 1.35 0.00249443 4.88043 0.978783 4.77688
410 1.4 0.00258681 4.88043 0.978783 4.77688
410 1.45 0.0026792 4.88043 0.978783 4.77688
410 1.5 0.00277158 4.88043 0.978783 4.77688
410 1.55 0.00286397 4.88043 0.978783 4.77688
410 1.6 0.00295636 4.88043 0.978783 4.77688
410 1.65 0.00304874 4.88043 0.978783 4.77688
410 1.7 0.00314113 4.88043 0.978783 4.77688
410 1.75 0.00323351 4.88043 0.978783 4.77688
410 1.8 0.0033259 4.88043 0.978783 4.77688
410 1.85 0.00341829 4.88043 0.978783 4.77688
410 1.9 0.00351067 4.88043 0.978783 4.77688
410 1.95 0.00360306 4.88043 0.978783 4.77688
610 0.4 0.000764939 6.77332 0.989041 6.6991
610 0.45 0.000860556 6.77332 0.989041 6.6991
610 0.5 0.000956174 6.77332 0.989041 6.6991
610 0.55 0.00105179 6.77332 0.989041 6.6991
610 0.6 0.00114741 6.77332 0.989041 6.6991
610 0.65 0.00124303 6.77332 0.989041 6.6991
610 0.7 0.00133864 6.77332 0.989041 6.6991
610 0.75 0.00143426 6.77332 0.989041 6.6991
610 0.8 0.00152988 6.77332 0.989041 6.6991
610 0.85 0.0016255 6.77332 0.989041 6.6991
610 0.9 0.00172111 6.77332 0.989041 6.6991
610 0.95 0.00181673 6.77332 0.989041 6.6991
610 1 0.00191235 6.77332 0.989041 6.6991
610 1.05 0.00200796 6.77332 0.989041 6.6991
610 1.1 0.00210358 6.77332 0.989041 6.6991
610 1.15 0.0021992 6.77332 0.989041 6.6991
610 1.2 0.00229482 6.77332 0.989041 6.6991
610 1.25 0.00239043 6.77332 0.989041 6.6991
610 1.3 0.00248605 6.77332 0.989041 6.6991
610 1.35 0.00258167 6.77332 0.989041 6.6991
610 1.4 0.00267729 6.77332 0.989041 6.6991
610 1.45 0.0027729 6.77332 0.989041 6.6991
610 1.5 0.00286852 6.77332 0.989041 6.6991
610 1.55 0.00296414 6.77332 0.989041 6.6991
610 1.6 0.00305976 6.77332 0.989041 6.6991
610 1.65 0.00315537 6.77332 0.989041 6.6991
610 1.7 0.00325099 6.77332 0.989041 6.6991
610 1.75 0.00334661 6.77332 0.989041 6.6991
610 1.8 0.00344222 6.77332 0.989041 6.6991
610 1.85 0.00353784 6.77332 0.989041 6.6991
610 1.9 0.00363346 6.77332 0.989041 6.6991
610 1.95 0.00372908 6.77332 0.989041 6.6991
810 0.4 0.00078898 8.66622 0.99332 8.60833
810 0.45 0.000887603 8.66622 0.99332 8.60833
810 0.5 0.000986225 8.66622 0.99332 8.60833
810 0.55 0.00108485 8.66622 0.99332 8.60833
810 0.6 0.00118347 8.66622 0.99332 8.60833
810 0.65 0.00128209 8.66622 0.99332 8.60833
810 0.7 0.00138072 8.66622 0.99332 8.60833
810 0.75 0.00147934 8.66622 0.99332 8.60833
810 0.8 0.00157796 8.66622 0.99332 8.60833
810 0.85 0.00167658 8.66622 0.99332 8.60833
810 0.9 0.00177521 8.66622 0.99332 8.60833
810 0.95 0.00187383 8.66622 0.99332 8.60833
810 1 0.00197245 8.66622 0.99332 8.60833
810 1.05 0.00207107 8.66622 0.99332 8.60833
810 1.1 0.0021697 8.66622 0.99332 8.60833
810 1.15 0.00226832 8.66622 0.99332 8.60833
810 1.2 0.00236694 8.66622 0.99332 8.60833
810 1.25 0.00246556 8.66622 0.99332 8.60833
810 1.3 0.00256419 8.66622 0.99332 8.60833
810 1.35 0.00266281 8.66622 0.99332 8.60833
810 1.4 0.00276143 8.66622 0.99332 8.60833
810 1.45 0.00286005 8.66622 0.99332 8.60833
810 1.5 0.00295868 8.66622 0.99332 8.60833
810 1.55 0.0030573 8.66622 0.99332 8.60833
810 1.6 0.00315592 8.66622 0.99332 8.60833
810 1.65 0.00325454 8.66622 0.99332 8.60833
810 1.7 0.00335317 8.66622 0.99332 8.60833
810 1.75 0.00345179 8.66622 0.99332 8.60833
810 1.8 0.00355041 8.66622 0.99332 8.60833
810 1.85 0.00364903 8.66622 0.99332 8.60833
810 1.9 0.00374766 8.66622 0.99332 8.60833
810 1.95 0.00384628 8.66622 0.99332 8.60833
1010 0.4 0.000809952 10.5591 0.995505 10.5117
1010 0.45 0.000911196 10.5591 0.995505 10.5117
1010 0.5 0.00101244 10.5591 0.995505 10.5117
1010 0.55 0.00111368 10.5591 0.995505 10.5117
1010 0.6 0.00121493 10.5591 0.995505 10.5117
1010 0.65 0.00131617 10.5591 0.995505 10.5117
1010 0.7 0.00141742 10.5591 0.995505 10.5117
1010 0.75 0.00151866 10.5591 0.995505 10.5117
1010 0.8 0.0016199 10.5591 0.995505 10.5117
1010 0.85 0.00172115 10.5591 0.995505 10.5117
1010 0.9 0.00182239 10.5591 0.995505 10.5117
1010 0.95 0.00192364 10.5591 0.995505 10.5117
1010 1 0.00202488 10.5591 0.995505 10.5117
1010 1.05 0.00212612 10.5591 0.995505 10.5117
1010 1.1 0.00222737 10.5591 0.995505 10.5117
1010 1.15 0.00232861 10.5591 0.995505 10.5117
1010 1.2 0.00242986 10.5591 0.995505 10.5117
1010 1.25 0.0025311 10.5591 0.995505 10.5117
1010 1.3 0.00263234 10.5591 0.995505 10.5117
1010 1.35 0.00273359 10.5591 0.995505 10.5117
1010 1.4 0.00283483 10.5591 0.995505 10.5117
1010 1.45 0.00293608 10.5591 0.995505 10.5117
1010 1.5 0.00303732 10.5591 0.995505 10.5117
1010 1.55 0.00313856 10.5591 0.995505 10.5117
1010 1.6 0.00323981 10.5591 0.995505 10.5117
1010 1.65 0.00334105 10.5591 0.995505 10.5117
1010 1.7 0.0034423 10.5591 0.995505 10.5117
1010 1.75 0.00354354 10.5591 0.995505 10.5117
1010 1.8 0.00364478 10.5591 0.995505 10.5117
1010 1.85 0.00374603 10.5591 0.995505 10.5117
1010 1.9 0.00384727 10.5591 0.995505 10.5117
1010 1.95 0.00394852 10.5591 0.995505 10.5117
1210 0.4 0.000828237 12.452 0.99677 12.4118
1210 0.45 0.000931767 12.452 0.99677 12.4118
1210 0.5 0.0010353 12.452 0.99677 12.4118
1210 0.55 0.00113883 12.452 0.99677 12.4118
1210 0.6 0.00124236 12.452 0.99677 12.4118
1210 0.65 0.00134589 12.452 0.99677 12.4118
1210 0.7 0.00144941 12.452 0.99677 12.4118
1210 0.75 0.00155294 12.452 0.99677 12.4118
1210 0.8 0.00165647 12.452 0.99677 12.4118
1210 0.85 0.00176 12.452 0.99677 12.4118
1210 0.9 0.00186353 12.452 0.99677 12.4118
1210 0.95 0.00196706 12.452 0.99677 12.4118
1210 1 0.00207059 12.452 0.99677 12.4118
1210 1.05 0.00217412 12.452 0.99677 12.4118
1210 1.1 0.00227765 12.452 0.99677 12.4118
1210 1.15 0.00238118 12.452 0.99677 12.4118
1210 1.2 0.00248471 12.452 0.99677 12.4118
1210 1.25 0.00258824 12.452 0.99677 12.4118
1210 1.3 0.00269177 12.452 0.99677 12.4118
1210 1.35 0.0027953 12.452 0.99677 12.4118
1210 1.4 0.00289883 12.452 0.99677 12.4118
1210 1.45 0.00300236 12.452 0.99677 12.4118
1210 1.5 0.00310589 12.452 0.99677 12.4118
1210 1.55 0.00320942 12.452 0.99677 12.4118
1210 1.6 0.00331295 12.452 0.99677 12.4118
1210 1.65 0.00341648 12.452 0.99677 12.4118
1210 1.7 0.00352001 12.452 0.99677 12.4118
1210 1.75 0.00362354 12.452 0.99677 12.4118
1210 1.8 0.00372707 12.452 0.99677 12.4118
1210 1.85 0.0038306 12.452 0.99677 12.4118
1210 1.9 0.00393413 12.452 0.99677 12.4118
1210 1.95 0.00403766 12.452 0.99677 12.4118
1410 0.4 0.000844341 14.3449 0.997567 14.31
1410 0.45 0.000949883 14.3449 0.997567 14.31
1410 0.5 0.00105543 14.3449 0.997567 14.31
1410 0.55 0.00116097 14.3449 0.997567 14.31
1410 0.6 0.00126651 14.3449 0.997567 14.31
1410 0.65 0.00137205 14.3449 0.997567 14.31
1410 0.7 0.0014776 14.3449 0.997567 14.31
1410 0.75 0.00158314 14.3449 0.997567 14.31
1410 0.8 0.00168868 14.3449 0.997567 14.31
1410 0.85 0.00179422 14.3449 0.997567 14.31
1410 0.9 0.00189977 14.3449 0.997567 14.31
1410 0.95 0.00200531 14.3449 0.997567 14.31
1410 1 0.00211085 14.3449 0.997567 14.31
1410 1.05 0.00221639 14.3449 0.997567 14.31
1410 1.1 0.00232194 14.3449 0.997567 14.31
1410 1.15 0.00242748 14.3449 0.997567 14.31
1410 1.2 0.00253302 14.3449 0.997567 14.31
1410 1.25 0.00263856 14.3449 0.997567 14.31
1410 1.3 0.00274411 14.3449 0.997567 14.31
1410 1.35 0.00284965 14.3449 0.997567 14.31
1410 1.4 0.00295519 14.3449 0.997567 14.31
1410 1.45 0.00306074 14.3449 0.997567 14.31
1410 1.5 0.00316628 14.3449 0.997567 14.31
1410 1.55 0.00327182 14.3449 0.997567 14.31
1410 1.6 0.00337736 14.3449 0.997567 14.31
1410 1.65 0.00348291 14.3449 0.997567 14.31
1410 1.7 0.00358845 14.3449 0.997567 14.31
1410 1.75 0.00369399 14.3449 0.997567 14.31
1410 1.8 0.00379953 14.3449 0.997567 14.31
1410 1.85 0.00390508 14.3449 0.997567 14.31
1410 1.9 0.00401062 14.3449 0.997567 14.31
1410 1.95 0.00411616 14.3449 0.997567 14.31
1610 0.4 0.000858684 16.2378 0.998102 16.207
1610 0.45 0.000966019 16.2378 0.998102 16.207
1610 0.5 0.00107335 16.2378 0.998102 16.207
1610 0.55 0.00118069 16.2378 0.998102 16.207
1610 0.6 0.00128803 16.2378 0.998102 16.207
1610 0.65 0.00139536 16.2378 0.998102 16.207
1610 0.7 0.0015027 16.2378 0.998102 16.207
1610 0.75 0.00161003 16.2378 0.998102 16.207
1610 0.8 0.00171737 16.2378 0.998102 16.207
1610 0.85 0.0018247 16.2378 0.998102 16.207
1610 0.9 0.00193204 16.2378 0.998102 16.207
1610 0.95 0.00203937 16.2378 0.998102 16.207
1610 1 0.00214671 16.2378 0.998102 16.207
1610 1.05 0.00225404 16.2378 0.998102 16.207
1610 1.1 0.00236138 16.2378 0.998102 16.207
1610 1.15 0.00246872 16.2378 0.998102 16.207
1610 1.2 0.00257605 16.2378 0.998102 16.207
1610 1.25 0.00268339 16.2378 0.998102 16.207
1610 1.3 0.00279072 16.2378 0.998102 16.207
1610 1.35 0.00289806 16.2378 0.998102 16.207
1610 1.4 0.00300539 16.2378 0.998102 16.207
1610 1.45 0.00311273 16.2378 0.998102 16.207
1610 1.5 0.00322006 16.2378 0.998102 16.207
1610 1.55 0.0033274 16.2378 0.998102 16.207
1610 1.6 0.00343473 16.2378 0.998102 16.207
1610 1.65 0.00354207 16.2378 0.998102 16.207
1610 1.7 0.00364941 16.2378 0.998102 16.207
1610 1.75 0.00375674 16.2378 0.998102 16.207
1610 1.8 0.00386408 16.2378 0.998102 16.207
1610 1.85 0.00397141 16.2378 0.998102 16.207
1610 1.9 0.00407875 16.2378 0.998102 16.207
1610 1.95 0.00418608 16.2378 0.998102 16.207
1810 0.4 0.000871591 18.1307 0.998478 18.1031
1810 0.45 0.00098054 18.1307 0.998478 18.1031
1810 0.5 0.00108949 18.1307 0.998478 18.1031
1810 0.55 0.00119844 18.1307 0.998478 18.1031
1810 0.6 0.00130739 18.1307 0.998478 18.1031
1810 0.65 0.00141634 18.1307 0.998478 18.1031
1810 0.7 0.00152528 18.1307 0.998478 18.1031
1810 0.75 0.00163423 18.1307 0.998478 18.1031
1810 0.8 0.00174318 18.1307 0.998478 18.1031
1810 0.85 0.00185213 18.1307 0.998478 18.1031
1810 0.9 0.00196108 18.1307 0.998478 18.1031
1810 0.95 0.00207003 18.1307 0.998478 18.1031
1810 1 0.00217898 18.1307 0.998478 18.1031
1810 1.05 0.00228793 18.1307 0.998478 18.1031
1810 1.1 0.00239687 18.1307 0.998478 18.1031
1810 1.15 0.00250582 18.1307 0.998478 18.1031
1810 1.2 0.00261477 18.1307 0.998478 18.1031
1810 1.25 0.00272372 18.1307 0.998478 18.1031
1810 1.3 0.00283267 18.1307 0.998478 18.1031
1810 1.35 0.00294162 18.1307 0.998478 18.1031
1810 1.4 0.00305057 18.1307 0.998478 18.1031
1810 1.45 0.00315952 18.1307 0.998478 18.1031
1810 1.5 0.00326847 18.1307 0.998478 18.1031
1810 1.55 0.00337741 18.1307 0.998478 18.1031
1810 1.6 0.00348636 18.1307 0.998478 18.1031
1810 1.65 0.00359531 18.1307 0.998478 18.1031
1810 1.7 0.00370426 18.1307 0.998478 18.1031
1810 1.75 0.00381321 18.1307 0.998478 18.1031
1810 1.8 0.00392216 18.1307 0.998478 18.1031
1810 1.85 0.00403111 18.1307 0.998478 18.1031
1810 1.9 0.00414006 18.1307 0.998478 18.1031
1810 1.95 0.00424901 18.1307 0.998478 18.1031
2010 0.4 0.000883312 20.0236 0.998752 19.9986
2010 0.45 0.000993726 20.0236 0.998752 19.9986
2010 0.5 0.00110414 20.0236 0.998752 19.9986
2010 0.55 0.00121455 20.0236 0.998752 19.9986
2010 0.6 0.00132497 20.0236 0.998752 19.9986
2010 0.65 0.00143538 20.0236 0.998752 19.9986
2010 0.7 0.0015458 20.0236 0.998752 19.9986
2010 0.75 0.00165621 20.0236 0.998752 19.9986
2010 0.8 0.00176662 20.0236 0.998752 19.9986
2010 0.85 0.00187704 20.0236 0.998752 19.9986
2010 0.9 0.00198745 20.0236 0.998752 19.9986
2010 0.95 0.00209787 20.0236 0.998752 19.9986
2010 1 0.00220828 20.0236 0.998752 19.9986
2010 1.05 0.00231869 20.0236 0.998752 19.9986
2010 1.1 0.00242911 20.0236 0.998752 19.9986
2010 1.15 0.00253952 20.0236 0.998752 19.9986
2010 1.2 0.00264994 20.0236 0.998752 19.9986
2010 1.25 0.00276035 20.0236 0.998752 19.9986
2010 1.3 0.00287076 20.0236 0.998752 19.9986
2010 1.35 0.00298118 20.0236 0.998752 19.9986
2010 1.4 0.00309159 20.0236 0.998752 19.9986
2010 1.45 0.00320201 20.0236 0.998752 19.9986
2010 1.5 0.00331242 20.0236 0.998752 19.9986
2010 1.55 0.00342283 20.0236 0.998752 19.9986
2010 1.6 0.00353325 20.0236 0.998752 19.9986
2010 1.65 0.00364366 20.0236 0.998752 19.9986
2010 1.7 0.00375407 20.0236 0.998752 19.9986
2010 1.75 0.00386449 20.0236 0.998752 19.9986
2010 1.8 0.0039749 20.0236 0.998752 19.9986
2010 1.85 0.00408532 20.0236 0.998752 19.9986
2010 1.9 0.00419573 20.0236 0.998752 19.9986
2010 1.95 0.00430614 20.0236 0.998752 19.9986
2210 0.4 0.000894039 21.9165 0.998959 21.8936
2210 0.45 0.00100579 21.9165 0.998959 21.8936
2210 0.5 0.00111755 21.9165 0.998959 21.8936
2210 0.55 0.0012293 21.9165 0.998959 21.8936
2210 0.6 0.00134106 21.9165 0.998959 21.8936
2210 0.65 0.00145281 21.9165 0.998959 21.8936
2210 0.7 0.00156457 21.9165 0.998959 21.8936
2210 0.75 0.00167632 21.9165 0.998959 21.8936
2210 0.8 0.00178808 21.9165 0.998959 21.8936
2210 0.85 0.00189983 21.9165 0.998959 21.8936
2210 0.9 0.00201159 21.9165 0.998959 21.8936
2210 0.95 0.00212334 21.9165 0.998959 21.8936
2210 1 0.0022351 21.9165 0.998959 21.8936
2210 1.05 0.00234685 21.9165 0.998959 21.8936
2210 1.1 0.00245861 21.9165 0.998959 21.8936
2210 1.15 0.00257036 21.9165 0.998959 21.8936
2210 1.2 0.00268212 21.9165 0.998959 21.8936
2210 1.25 0.00279387 21.9165 0.998959 21.8936
2210 1.3 0.00290563 21.9165 0.998959 21.8936
2210 1.35 0.00301738 21.9165 0.998959 21.8936
2210 1.4 0.00312914 21.9165 0.998959 21.8936
2210 1.45 0.00324089 21.9165 0.998959 21.8936
2210 1.5 0.00335265 21.9165 0.998959 21.8936
2210 1.55 0.0034644 21.9165 0.998959 21.8936
2210 1.6 0.00357616 21.9165 0.998959 21.8936
2210 1.65 0.00368791 21.9165 0.998959 21.8936
2210 1.7 0.00379967 21.9165 0.998959 21.8936
2210 1.75 0.00391142 21.9165 0.998959 21.8936
2210 1.8 0.00402318 21.9165 0.998959 21.8936
2210 1.85 0.00413493 21.9165 0.998959 21.8936
2210 1.9 0.00424669 21.9165 0.998959 21.8936
2210 1.95 0.00435844 21.9165 0.998959 21.8936
2410 0.4 0.000903924 23.8094 0.999118 23.7884
2410 0.45 0.00101691 23.8094 0.999118 23.7884
2410 0.5 0.00112991 23.8094 0.999118 23.7884
2410 0.55 0.0012429 23.8094 0.999118 23.7884
2410 0.6 0.00135589 23.8094 0.999118 23.7884
2410 0.65 0.00146888 23.8094 0.999118 23.7884
2410 0.7 0.00158187 23.8094 0.999118 23.7884
2410 0.75 0.00169486 23.8094 0.999118 23.7884
2410 0.8 0.00180785 23.8094 0.999118 23.7884
2410 0.85 0.00192084 23.8094 0.999118 23.7884
2410 0.9 0.00203383 23.8094 0.999118 23.7884
2410 0.95 0.00214682 23.8094 0.999118 23.7884
2410 1 0.00225981 23.8094 0.999118 23.7884
2410 1.05 0.0023728 23.8094 0.999118 23.7884
2410 1.1 0.00248579 23.8094 0.999118 23.7884
2410 1.15 0.00259878 23.8094 0.999118 23.7884
2410 1.2 0.00271177 23.8094 0.999118 23.7884
2410 1.25 0.00282476 23.8094 0.999118 23.7884
2410 1.3 0.00293775 23.8094 0.999118 23.7884
2410 1.35 0.00305074 23.8094 0.999118 23.7884
2410 1.4 0.00316373 23.8094 0.999118 23.7884
2410 1.45 0.00327673 23.8094 0.999118 23.7884
2410 1.5 0.00338972 23.8094 0.999118 23.7884
2410 1.55 0.00350271 23.8094 0.999118 23.7884
2410 1.6 0.0036157 23.8094 0.999118 23.7884
2410 1.65 0.00372869 23.8094 0.999118 23.7884
2410 1.7 0.00384168 23.8094 0.999118 23.7884
2410 1.75 0.00395467 23.8094 0.999118 23.7884
2410 1.8 0.00406766 23.8094 0.999118 23.7884
2410 1.85 0.00418065 23.8094 0.999118 23.7884
2410 1.9 0.00429364 23.8094 0.999118 23.7884
2410 1.95 0.00440663 23.8094 0.999118 23.7884
2610 0.4 0.000913086 25.7023 0.999243 25.6828
2610 0.45 0.00102722 25.7023 0.999243 25.6828
2610 0.5 0.00114136 25.7023 0.999243 25.6828
2610 0.55 0.00125549 25.7023 0.999243 25.6828
2610 0.6 0.00136963 25.7023 0.999243 25.6828
2610 0.65 0.00148377 25.7023 0.999243 25.6828
2610 0.7 0.0015979 25.7023 0.999243 25.6828
2610 0.75 0.00171204 25.7023 0.999243 25.6828
2610 0.8 0.00182617 25.7023 0.999243 25.6828
2610 0.85 0.00194031 25.7023 0.999243 25.6828
2610 0.9 0.00205444 25.7023 0.999243 25.6828
2610 0.95 0.00216858 25.7023 0.999243 25.6828
2610 1 0.00228272 25.7023 0.999243 25.6828
2610 1.05 0.00239685 25.7023 0.999243 25.6828
2610 1.1 0.00251099 25.7023 0.999243 25.6828
2610 1.15 0.00262512 25.7023 0.999243 25.6828
2610 1.2 0.00273926 25.7023 0.999243 25.6828
2610 1.25 0.0028534 25.7023 0.999243 25.6828
2610 1.3 0.00296753 25.7023 0.999243 25.6828
2610 1.35 0.00308167 25.7023 0.999243 25.6828
2610 1.4 0.0031958 25.7023 0.999243 25.6828
2610 1.45 0.00330994 25.7023 0.999243 25.6828
2610 1.5 0.00342407 25.7023 0.999243 25.6828
2610 1.55 0.00353821 25.7023 0.999243 25.6828
2610 1.6 0.00365235 25.7023 0.999243 25.6828
2610 1.65 0.00376648 25.7023 0.999243 25.6828
2610 1.7 0.00388062 25.7023 0.999243 25.6828
2610 1.75 0.00399475 25.7023 0.999243 25.6828
2610 1.8 0.00410889 25.7023 0.999243 25.6828
2610 1.85 0.00422302 25.7023 0.999243 25.6828
2610 1.9 0.00433716 25.7023 0.999243 25.6828
2610 1.95 0.0044513 25.7023 0.999243 25.6828
2810 0.4 0.000921623 27.5951 0.999343 27.577
2810 0.45 0.00103683 27.5951 0.999343 27.577
2810 0.5 0.00115203 27.5951 0.999343 27.577
2810 0.55 0.00126723 27.5951 0.999343 27.577
2810 0.6 0.00138243 27.5951 0.999343 27.577
2810 0.65 0.00149764 27.5951 0.999343 27.577
2810 0.7 0.00161284 27.5951 0.999343 27.577
2810 0.75 0.00172804 27.5951 0.999343 27.577
2810 0.8 0.00184325 27.5951 0.999343 27.577
2810 0.85 0.00195845 27.5951 0.999343 27.577
2810 0.9 0.00207365 27.5951 0.999343 27.577
2810 0.95 0.00218885 27.5951 0.999343 27.577
2810 1 0.00230406 27.5951 0.999343 27.577
2810 1.05 0.00241926 27.5951 0.999343 27.577
2810 1.1 0.00253446 27.5951 0.999343 27.577
2810 1.15 0.00264967 27.5951 0.999343 27.577
2810 1.2 0.00276487 27.5951 0.999343 27.577
2810 1.25 0.00288007 27.5951 0.999343 27.577
2810 1.3 0.00299527 27.5951 0.999343 27.577
2810 1.35 0.00311048 27.5951 0.999343 27.577
2810 1.4 0.00322568 27.5951 0.999343 27.577
2810 1.45 0.00334088 27.5951 0.999343 27.577
2810 1.5 0.00345609 27.5951 0.999343 27.577
2810 1.55 0.00357129 27.5951 0.999343 27.577
2810 1.6 0.00368649 27.5951 0.999343 27.577
2810 1.65 0.00380169 27.5951 0.999343 27.577
2810 1.7 0.0039169 27.5951 0.999343 27.577
2810 1.75 0.0040321 27.5951 0.999343 27.577
2810 1.8 0.0041473 27.5951 0.999343 27.577
2810 1.85 0.00426251 27.5951 0.999343 27.577
2810 1.9 0.00437771 27.5951 0.999343 27.577
2810 1.95 0.00449291 27.5951 0.999343 27.577
3010 0.4 0.000929612 29.488 0.999425 29.4711
3010 0.45 0.00104581 29.488 0.999425 29.4711
3010 0.5 0.00116201 29.488 0.999425 29.4711
3010 0.55 0.00127822 29.488 0.999425 29.4711
3010 0.6 0.00139442 29.488 0.999425 29.4711
3010 0.65 0.00151062 29.488 0.999425 29.4711
3010 0.7 0.00162682 29.488 0.999425 29.4711
3010 0.75 0.00174302 29.488 0.999425 29.4711
3010 0.8 0.00185922 29.488 0.999425 29.4711
3010 0.85 0.00197542 29.488 0.999425 29.4711
3010 0.9 0.00209163 29.488 0.999425 29.4711
3010 0.95 0.00220783 29.488 0.999425 29.4711
3010 1 0.00232403 29.488 0.999425 29.4711
3010 1.05 0.00244023 29.488 0.999425 29.4711
3010 1.1 0.00255643 29.488 0.999425 29.4711
3010 1.15 0.00267263 29.488 0.999425 29.4711
3010 1.2 0.00278884 29.488 0.999425 29.4711
3010 1.25 0.00290504 29.488 0.999425 29.4711
3010 1.3 0.00302124 29.488 0.999425 29.4711
3010 1.35 0.00313744 29.488 0.999425 29.4711
3010 1.4 0.00325364 29.488 0.999425 29.4711
3010 1.45 0.00336984 29.488 0.999425 29.4711
3010 1.5 0.00348604 29.488 0.999425 29.4711
3010 1.55 0.00360225 29.488 0.999425 29.4711
3010 1.6 0.00371845 29.488 0.999425 29.4711
3010 1.65 0.00383465 29.488 0.999425 29.4711
3010 1.7 0.00395085 29.488 0.999425 29.4711
3010 1.75 0.00406705 29.488 0.999425 29.4711
3010 1.8 0.00418325 29.488 0.999425 29.4711
3010 1.85 0.00429945 29.488 0.999425 29.4711
3010 1.9 0.00441566 29.488 0.999425 29.4711
3010 1.95 0.00453186 29.488 0.999425 29.4711
3210 0.4 0.000937118 31.3809 0.999492 31.365
3210 0.45 0.00105426 31.3809 0.999492 31.365
3210 0.5 0.0011714 31.3809 0.999492 31.365
3210 0.55 0.00128854 31.3809 0.999492 31.365
3210 0.6 0.00140568 31.3809 0.999492 31.365
3210 0.65 0.00152282 31.3809 0.999492 31.365
3210 0.7 0.00163996 31.3809 0.999492 31.365
3210 0.75 0.0017571 31.3809 0.999492 31.365
3210 0.8 0.00187424 31.3809 0.999492 31.365
3210 0.85 0.00199138 31.3809 0.999492 31.365
3210 0.9 0.00210852 31.3809 0.999492 31.365
3210 0.95 0.00222566 31.3809 0.999492 31.365
3210 1 0.0023428 31.3809 0.999492 31.365
3210 1.05 0.00245994 31.3809 0.999492 31.365
3210 1.1 0.00257708 31.3809 0.999492 31.365
3210 1.15 0.00269422 31.3809 0.999492 31.365
3210 1.2 0.00281136 31.3809 0.999492 31.365
3210 1.25 0.0029285 31.3809 0.999492 31.365
3210 1.3 0.00304564 31.3809 0.999492 31.365
3210 1.35 0.00316277 31.3809 0.999492 31.365
3210 1.4 0.00327991 31.3809 0.999492 31.365
3210 1.45 0.00339705 31.3809 0.999492 31.365
3210 1.5 0.00351419 31.3809 0.999492 31.365
3210 1.55 0.00363133 31.3809 0.999492 31.365
3210 1.6 0.00374847 31.3809 0.999492 31.365
3210 1.65 0.00386561 31.3809 0.999492 31.365
3210 1.7 0.00398275 31.3809 0.999492 31.365
3210 1.75 0.00409989 31.3809 0.999492 31.365
3210 1.8 0.00421703 31.3809 0.999492 31.365
3210 1.85 0.00433417 31.3809 0.999492 31.365
3210 1.9 0.00445131 31.3809 0.999492 31.365
3210 1.95 0.00456845 31.3809 0.999492 31.365
3410 0.4 0.000944197 33.2738 0.999548 33.2588
3410 0.45 0.00106222 33.2738 0.999548 33.2588
3410 0.5 0.00118025 33.2738 0.999548 33.2588
3410 0.55 0.00129827 33.2738 0.999548 33.2588
3410 0.6 0.0014163 33.2738 0.999548 33.2588
3410 0.65 0.00153432 33.2738 0.999548 33.2588
3410 0.7 0.00165235 33.2738 0.999548 33.2588
3410 0.75 0.00177037 33.2738 0.999548 33.2588
3410 0.8 0.00188839 33.2738 0.999548 33.2588
3410 0.85 0.00200642 33.2738 0.999548 33.2588
3410 0.9 0.00212444 33.2738 0.999548 33.2588
3410 0.95 0.00224247 33.2738 0.999548 33.2588
3410 1 0.00236049 33.2738 0.999548 33.2588
3410 1.05 0.00247852 33.2738 0.999548 33.2588
3410 1.1 0.00259654 33.2738 0.999548 33.2588
3410 1.15 0.00271457 33.2738 0.999548 33.2588
3410 1.2 0.00283259 33.2738 0.999548 33.2588
3410 1.25 0.00295062 33.2738 0.999548 33.2588
3410 1.3 0.00306864 33.2738 0.999548 33.2588
3410 1.35 0.00318667 33.2738 0.999548 33.2588
3410 1.4 0.00330469 33.2738 0.999548 33.2588
3410 1.45 0.00342271 33.2738 0.999548 33.2588
3410 1.5 0.00354074 33.2738 0.999548 33.2588
3410 1.55 0.00365876 33.2738 0.999548 33.2588
3410 1.6 0.00377679 33.2738 0.999548 33.2588
3410 1.65 0.00389481 33.2738 0.999548 33.2588
3410 1.7 0.00401284 33.2738 0.999548 33.2588
3410 1.75 0.00413086 33.2738 0.999548 33.2588
3410 1.8 0.00424889 33.2738 0.999548 33.2588
3410 1.85 0.00436691 33.2738 0.999548 33.2588
3410 1.9 0.00448494 33.2738 0.999548 33.2588
3410 1.95 0.00460296 33.2738 0.999548 33.2588
3610 0.4 0.000950894 35.1667 0.999596 35.1525
3610 0.45 0.00106976 35.1667 0.999596 35.1525
3610 0.5 0.00118862 35.1667 0.999596 35.1525
3610 0.55 0.00130748 35.1667 0.999596 35.1525
3610 0.6 0.00142634 35.1667 0.999596 35.1525
3610 0.65 0.0015452 35.1667 0.999596 35.1525
3610 0.7 0.00166406 35.1667 0.999596 35.1525
3610 0.75 0.00178293 35.1667 0.999596 35.1525
3610 0.8 0.00190179 35.1667 0.999596 35.1525
3610 0.85 0.00202065 35.1667 0.999596 35.1525
3610 0.9 0.00213951 35.1667 0.999596 35.1525
3610 0.95 0.00225837 35.1667 0.999596 35.1525
3610 1 0.00237723 35.1667 0.999596 35.1525
3610 1.05 0.0024961 35.1667 0.999596 35.1525
3610 1.1 0.00261496 35.1667 0.999596 35.1525
3610 1.15 0.00273382 35.1667 0.999596 35.1525
3610 1.2 0.00285268 35.1667 0.999596 35.1525
3610 1.25 0.00297154 35.1667 0.999596 35.1525
3610 1.3 0.0030904 35.1667 0.999596 35.1525
3610 1.35 0.00320927 35.1667 0.999596 35.1525
3610 1.4 0.00332813 35.1667 0.999596 35.1525
3610 1.45 0.00344699 35.1667 0.999596 35.1525
3610 1.5 0.00356585 35.1667 0.999596 35.1525
3610 1.55 0.00368471 35.1667 0.999596 35.1525
3610 1.6 0.00380357 35.1667 0.999596 35.1525
3610 1.65 0.00392244 35.1667 0.999596 35.1525
3610 1.7 0.0040413 35.1667 0.999596 35.1525
3610 1.75 0.00416016 35.1667 0.999596 35.1525
3610 1.8 0.00427902 35.1667 0.999596 35.1525
3610 1.85 0.00439788 35.1667 0.999596 35.1525
3610 1.9 0.00451674 35.1667 0.999596 35.1525
3610 1.95 0.00463561 35.1667 0.999596 35.1525
3810 0.4 0.000957246 37.0596 0.999636 37.0461
3810 0.45 0.0010769 37.0596 0.999636 37.0461
3810 0.5 0.00119656 37.0596 0.999636 37.0461
3810 0.55 0.00131621 37.0596 0.999636 37.0461
3810 0.6 0.00143587 37.0596 0.999636 37.0461
3810 0.65 0.00155553 37.0596 0.999636 37.0461
3810 0.7 0.00167518 37.0596 0.999636 37.0461
3810 0.75 0.00179484 37.0596 0.999636 37.0461
3810 0.8 0.00191449 37.0596 0.999636 37.0461
3810 0.85 0.00203415 37.0596 0.999636 37.0461
3810 0.9 0.0021538 37.0596 0.999636 37.0461
3810 0.95 0.00227346 37.0596 0.999636 37.0461
3810 1 0.00239312 37.0596 0.999636 37.0461
3810 1.05 0.00251277 37.0596 0.999636 37.0461
3810 1.1 0.00263243 37.0596 0.999636 37.0461
3810 1.15 0.00275208 37.0596 0.999636 37.0461
3810 1.2 0.00287174 37.0596 0.999636 37.0461
3810 1.25 0.00299139 37.0596 0.999636 37.0461
3810 1.3 0.00311105 37.0596 0.999636 37.0461
3810 1.35 0.00323071 37.0596 0.999636 37.0461
3810 1.4 0.00335036 37.0596 0.999636 37.0461
3810 1.45 0.00347002 37.0596 0.999636 37.0461
3810 1.5 0.00358967 37.0596 0.999636 37.0461
3810 1.55 0.00370933 37.0596 0.999636 37.0461
3810 1.6 0.00382899 37.0596 0.999636 37.0461
3810 1.65 0.00394864 37.0596 0.999636 37.0461
3810 1.7 0.0040683 37.0596 0.999636 37.0461
3810 1.75 0.00418795 37.0596 0.999636 37.0461
3810 1.8 0.00430761 37.0596 0.999636 37.0461
3810 1.85 0.00442726 37.0596 0.999636 37.0461
3810 1.9 0.00454692 37.0596 0.999636 37.0461
3810 1.95 0.00466658 37.0596 0.999636 37.0461
4010 0.4 0.000963289 38.9525 0.99967 38.9397
4010 0.45 0.0010837 38.9525 0.99967 38.9397
4010 0.5 0.00120411 38.9525 0.99967 38.9397
4010 0.55 0.00132452 38.9525 0.99967 38.9397
4010 0.6 0.00144493 38.9525 0.99967 38.9397
4010 0.65 0.00156534 38.9525 0.99967 38.9397
4010 0.7 0.00168576 38.9525 0.99967 38.9397
4010 0.75 0.00180617 38.9525 0.99967 38.9397
4010 0.8 0.00192658 38.9525 0.99967 38.9397
4010 0.85 0.00204699 38.9525 0.99967 38.9397
4010 0.9 0.0021674 38.9525 0.99967 38.9397
4010 0.95 0.00228781 38.9525 0.99967 38.9397
4010 1 0.00240822 38.9525 0.99967 38.9397
4010 1.05 0.00252863 38.9525 0.99967 38.9397
4010 1.1 0.00264904 38.9525 0.99967 38.9397
4010 1.15 0.00276946 38.9525 0.99967 38.9397
4010 1.2 0.00288987 38.9525 0.99967 38.9397
4010 1.25 0.00301028 38.9525 0.99967 38.9397
4010 1.3 0.00313069 38.9525 0.99967 38.9397
4010 1.35 0.0032511 38.9525 0.99967 38.9397
4010 1.4 0.00337151 38.9525 0.99967 38.9397
4010 1.45 0.00349192 38.9525 0.99967 38.9397
4010 1.5 0.00361233 38.9525 0.99967 38.9397
4010 1.55 0.00373274 38.9525 0.99967 38.9397
4010 1.6 0.00385316 38.9525 0.99967 38.9397
4010 1.65 0.00397357 38.9525 0.99967 38.9397
4010 1.7 0.00409398 38.9525 0.99967 38.9397
4010 1.75 0.00421439 38.9525 0.99967 38.9397
4010 1.8 0.0043348 38.9525 0.99967 38.9397
4010 1.85 0.00445521 38.9525 0.99967 38.9397
4010 1.9 0.00457562 38.9525 0.99967 38.9397
4010 1.95 0.00469603 38.9525 0.99967 38.9397
4210 0.4 0.00096905 40.8454 0.9997 40.8332
4210 0.45 0.00109018 40.8454 0.9997 40.8332
4210 0.5 0.00121131 40.8454 0.9997 40.8332
4210 0.55 0.00133244 40.8454 0.9997 40.8332
4210 0.6 0.00145357 40.8454 0.9997 40.8332
4210 0.65 0.00157471 40.8454 0.9997 40.8332
4210 0.7 0.00169584 40.8454 0.9997 40.8332
4210 0.75 0.00181697 40.8454 0.9997 40.8332
4210 0.8 0.0019381 40.8454 0.9997 40.8332
4210 0.85 0.00205923 40.8454 0.9997 40.8332
4210 0.9 0.00218036 40.8454 0.9997 40.8332
4210 0.95 0.00230149 40.8454 0.9997 40.8332
4210 1 0.00242262 40.8454 0.9997 40.8332
4210 1.05 0.00254376 40.8454 0.9997 40.8332
4210 1.1 0.00266489 40.8454 0.9997 40.8332
4210 1.15 0.00278602 40.8454 0.9997 40.8332
4210 1.2 0.00290715 40.8454 0.9997 40.8332
4210 1.25 0.00302828 40.8454 0.9997 40.8332
4210 1.3 0.00314941 40.8454 0.9997 40.8332
4210 1.35 0.00327054 40.8454 0.9997 40.8332
4210 1.4 0.00339167 40.8454 0.9997 40.8332
4210 1.45 0.00351281 40.8454 0.9997 40.8332
4210 1.5 0.00363394 40.8454 0.9997 40.8332
4210 1.55 0.00375507 40.8454 0.9997 40.8332
4210 1.6 0.0038762 40.8454 0.9997 40.8332
4210 1.65 0.00399733 40.8454 0.9997 40.8332
4210 1.7 0.00411846 40.8454 0.9997 40.8332
4210 1.75 0.00423959 40.8454 0.9997 40.8332
4210 1.8 0.00436072 40.8454 0.9997 40.8332
4210 1.85 0.00448185 40.8454 0.9997 40.8332
4210 1.9 0.00460299 40.8454 0.9997 40.8332
4210 1.95 0.00472412 40.8454 0.9997 40.8332
4410 0.4 0.000974554 42.7383 0.999726 42.7266
4410 0.45 0.00109637 42.7383 0.999726 42.7266
4410 0.5 0.00121819 42.7383 0.999726 42.7266
4410 0.55 0.00134001 42.7383 0.999726 42.7266
4410 0.6 0.00146183 42.7383 0.999726 42.7266
4410 0.65 0.00158365 42.7383 0.999726 42.7266
4410 0.7 0.00170547 42.7383 0.999726 42.7266
4410 0.75 0.00182729 42.7383 0.999726 42.7266
4410 0.8 0.00194911 42.7383 0.999726 42.7266
4410 0.85 0.00207093 42.7383 0.999726 42.7266
4410 0.9 0.00219275 42.7383 0.999726 42.7266
4410 0.95 0.00231457 42.7383 0.999726 42.7266
4410 1 0.00243638 42.7383 0.999726 42.7266
4410 1.05 0.0025582 42.7383 0.999726 42.7266
4410 1.1 0.00268002 42.7383 0.999726 42.7266
4410 1.15 0.00280184 42.7383 0.999726 42.7266
4410 1.2 0.00292366 42.7383 0.999726 42.7266
4410 1.25 0.00304548 42.7383 0.999726 42.7266
4410 1.3 0.0031673 42.7383 0.999726 42.7266
4410 1.35 0.00328912 42.7383 0.999726 42.7266
4410 1.4 0.00341094 42.7383 0.999726 42.7266
4410 1.45 0.00353276 42.7383 0.999726 42.7266
4410 1.5 0.00365458 42.7383 0.999726 42.7266
4410 1.55 0.0037764 42.7383 0.999726 42.7266
4410 1.6 0.00389822 42.7383 0.999726 42.7266
4410 1.65 0.00402003 42.7383 0.999726 42.7266
4410 1.7 0.00414185 42.7383 0.999726 42.7266
4410 1.75 0.00426367 42.7383 0.999726 42.7266
4410 1.8 0.00438549 42.7383 0.999726 42.7266
4410 1.85 0.00450731 42.7383 0.999726 42.7266
4410 1.9 0.00462913 42.7383 0.999726 42.7266
4410 1.95 0.00475095 42.7383 0.999726 42.7266
4610 0.4 0.000979823 44.6312 0.999749 44.62
4610 0.45 0.0011023 44.6312 0.999749 44.62
4610 0.5 0.00122478 44.6312 0.999749 44.62
4610 0.55 0.00134726 44.6312 0.999749 44.62
4610 0.6 0.00146973 44.6312 0.999749 44.62
4610 0.65 0.00159221 44.6312 0.999749 44.62
4610 0.7 0.00171469 44.6312 0.999749 44.62
4610 0.75 0.00183717 44.6312 0.999749 44.62
4610 0.8 0.00195965 44.6312 0.999749 44.62
4610 0.85 0.00208212 44.6312 0.999749 44.62
4610 0.9 0.0022046 44.6312 0.999749 44.62
4610 0.95 0.00232708 44.6312 0.999749 44.62
4610 1 0.00244956 44.6312 0.999749 44.62
4610 1.05 0.00257204 44.6312 0.999749 44.62
4610 1.1 0.00269451 44.6312 0.999749 44.62
4610 1.15 0.00281699 44.6312 0.999749 44.62
4610 1.2 0.00293947 44.6312 0.999749 44.62
4610 1.25 0.00306195 44.6312 0.999749 44.62
4610 1.3 0.00318442 44.6312 0.999749 44.62
4610 1.35 0.0033069 44.6312 0.999749 44.62
4610 1.4 0.00342938 44.6312 0.999749 44.62
4610 1.45 0.00355186 44.6312 0.999749 44.62
4610 1.5 0.00367434 44.6312 0.999749 44.62
4610 1.55 0.00379681 44.6312 0.999749 44.62
4610 1.6 0.00391929 44.6312 0.999749 44.62
4610 1.65 0.00404177 44.6312 0.999749 44.62
4610 1.7 0.00416425 44.6312 0.999749 44.62
4610 1.75 0.00428673 44.6312 0.999749 44.62
4610 1.8 0.0044092 44.6312 0.999749 44.62
4610 1.85 0.00453168 44.6312 0.999749 44.62
4610 1.9 0.00465416 44.6312 0.999749 44.62
4610 1.95 0.00477664 44.6312 0.999749 44.62
4810 0.4 0.000984876 46.5241 0.999769 46.5133
4810 0.45 0.00110799 46.5241 0.999769 46.5133
4810 0.5 0.0012311 46.5241 0.999769 46.5133
4810 0.55 0.0013542 46.5241 0.999769 46.5133
4810 0.6 0.00147731 46.5241 0.999769 46.5133
4810 0.65 0.00160042 46.5241 0.999769 46.5133
4810 0.7 0.00172353 46.5241 0.999769 46.5133
4810 0.75 0.00184664 46.5241 0.999769 46.5133
4810 0.8 0.00196975 46.5241 0.999769 46.5133
4810 0.85 0.00209286 46.5241 0.999769 46.5133
4810 0.9 0.00221597 46.5241 0.999769 46.5133
4810 0.95 0.00233908 46.5241 0.999769 46.5133
4810 1 0.00246219 46.5241 0.999769 46.5133
4810 1.05 0.0025853 46.5241 0.999769 46.5133
4810 1.1 0.00270841 46.5241 0.999769 46.5133
4810 1.15 0.00283152 46.5241 0.999769 46.5133
4810 1.2 0.00295463 46.5241 0.999769 46.5133
4810 1.25 0.00307774 46.5241 0.999769 46.5133
4810 1.3 0.00320085 46.5241 0.999769 46.5133
4810 1.35 0.00332396 46.5241 0.999769 46.5133
4810 1.4 0.00344707 46.5241 0.999769 46.5133
4810 1.45 0.00357018 46.5241 0.999769 46.5133
4810 1.5 0.00369329 46.5241 0.999769 46.5133
4810 1.55 0.0038164 46.5241 0.999769 46.5133
4810 1.6 0.0039395 46.5241 0.999769 46.5133
4810 1.65 0.00406261 46.5241 0.999769 46.5133
4810 1.7 0.00418572 46.5241 0.999769 46.5133
4810 1.75 0.00430883 46.5241 0.999769 46.5133
4810 1.8 0.00443194 46.5241 0.999769 46.5133
4810 1.85 0.00455505 46.5241 0.999769 46.5133
4810 1.9 0.00467816 46.5241 0.999769 46.5133
4810 1.95 0.00480127 46.5241 0.999769 46.5133
5010 0.4 0.00098973 48.417 0.999787 48.4066
5010 0.45 0.00111345 48.417 0.999787 48.4066
5010 0.5 0.00123716 48.417 0.999787 48.4066
5010 0.55 0.00136088 48.417 0.999787 48.4066
5010 0.6 0.0014846 48.417 0.999787 48.4066
5010 0.65 0.00160831 48.417 0.999787 48.4066
5010 0.7 0.00173203 48.417 0.999787 48.4066
5010 0.75 0.00185574 48.417 0.999787 48.4066
5010 0.8 0.00197946 48.417 0.999787 48.4066
5010 0.85 0.00210318 48.417 0.999787 48.4066
5010 0.9 0.00222689 48.417 0.999787 48.4066
5010 0.95 0.00235061 48.417 0.999787 48.4066
5010 1 0.00247433 48.417 0.999787 48.4066
5010 1.05 0.00259804 48.417 0.999787 48.4066
5010 1.1 0.00272176 48.417 0.999787 48.4066
5010 1.15 0.00284548 48.417 0.999787 48.4066
5010 1.2 0.00296919 48.417 0.999787 48.4066
5010 1.25 0.00309291 48.417 0.999787 48.4066
5010 1.3 0.00321662 48.417 0.999787 48.4066
5010 1.35 0.00334034 48.417 0.999787 48.4066
5010 1.4 0.00346406 48.417 0.999787 48.4066
5010 1.45 0.00358777 48.417 0.999787 48.4066
5010 1.5 0.00371149 48.417 0.999787 48.4066
5010 1.55 0.00383521 48.417 0.999787 48.4066
5010 1.6 0.00395892 48.417 0.999787 48.4066
5010 1.65 0.00408264 48.417 0.999787 48.4066
5010 1.7 0.00420635 48.417 0.999787 48.4066
5010 1.75 0.00433007 48.417 0.999787 48.4066
5010 1.8 0.00445379 48.417 0.999787 48.4066
5010 1.85 0.0045775 48.417 0.999787 48.4066
5010 1.9 0.00470122 48.417 0.999787 48.4066
5010 1.95 0.00482494 48.417 0.999787 48.4066
5210 0.4 0.000994401 50.3099 0.999802 50.2999
5210 0.45 0.0011187 50.3099 0.999802 50.2999
5210 0.5 0.001243 50.3099 0.999802 50.2999
5210 0.55 0.0013673 50.3099 0.999802 50.2999
5210 0.6 0.0014916 50.3099 0.999802 50.2999
5210 0.65 0.0016159 50.3099 0.999802 50.2999
5210 0.7 0.0017402 50.3099 0.999802 50.2999
5210 0.75 0.0018645 50.3099 0.999802 50.2999
5210 0.8 0.0019888 50.3099 0.999802 50.2999
5210 0.85 0.0021131 50.3099 0.999802 50.2999
5210 0.9 0.0022374 50.3099 0.999802 50.2999
5210 0.95 0.0023617 50.3099 0.999802 50.2999
5210 1 0.002486 50.3099 0.999802 50.2999
5210 1.05 0.0026103 50.3099 0.999802 50.2999
5210 1.1 0.0027346 50.3099 0.999802 50.2999
5210 1.15 0.0028589 50.3099 0.999802 50.2999
5210 1.2 0.0029832 50.3099 0.999802 50.2999
5210 1.25 0.0031075 50.3099 0.999802 50.2999
5210 1.3 0.0032318 50.3099 0.999802 50.2999
5210 1.35 0.0033561 50.3099 0.999802 50.2999
5210 1.4 0.0034804 50.3099 0.999802 50.2999
5210 1.45 0.0036047 50.3099 0.999802 50.2999
5210 1.5 0.003729 50.3099 0.999802 50.2999
5210 1.55 0.0038533 50.3099 0.999802 50.2999
5210 1.6 0.0039776 50.3099 0.999802 50.2999
5210 1.65 0.0041019 50.3099 0.999802 50.2999
5210 1.7 0.0042262 50.3099 0.999802 50.2999
5210 1.75 0.0043505 50.3099 0.999802 50.2999
5210 1.8 0.0044748 50.3099 0.999802 50.2999
5210 1.85 0.0045991 50.3099 0.999802 50.2999
5210 1.9 0.0047234 50.3099 0.999802 50.2999
5210 1.95 0.0048477 50.3099 0.999802 50.2999
5410 0.4 0.000998901 52.2028 0.999817 52.1932
5410 0.45 0.00112376 52.2028 0.999817 52.1932
5410 0.5 0.00124863 52.2028 0.999817 52.1932
5410 0.55 0.00137349 52.2028 0.999817 52.1932
5410 0.6 0.00149835 52.2028 0.999817 52.1932
5410 0.65 0.00162321 52.2028 0.999817 52.1932
5410 0.7 0.00174808 52.2028 0.999817 52.1932
5410 0.75 0.00187294 52.2028 0.999817 52.1932
5410 0.8 0.0019978 52.2028 0.999817 52.1932
5410 0.85 0.00212266 52.2028 0.999817 52.1932
5410 0.9 0.00224753 52.2028 0.999817 52.1932
5410 0.95 0.00237239 52.2028 0.999817 52.1932
5410 1 0.00249725 52.2028 0.999817 52.1932
5410 1.05 0.00262211 52.2028 0.999817 52.1932
5410 1.1 0.00274698 52.2028 0.999817 52.1932
5410 1.15 0.00287184 52.2028 0.999817 52.1932
5410 1.2 0.0029967 52.2028 0.999817 52.1932
5410 1.25 0.00312156 52.2028 0.999817 52.1932
5410 1.3 0.00324643 52.2028 0.999817 52.1932
5410 1.35 0.00337129 52.2028 0.999817 52.1932
5410 1.4 0.00349615 52.2028 0.999817 52.1932
5410 1.45 0.00362101 52.2028 0.999817 52.1932
5410 1.5 0.00374588 52.2028 0.999817 52.1932
5410 1.55 0.00387074 52.2028 0.999817 52.1932
5410 1.6 0.0039956 52.2028 0.999817 52.1932
5410 1.65 0.00412046 52.2028 0.999817 52.1932
5410 1.7 0.00424533 52.2028 0.999817 52.1932
5410 1.75 0.00437019 52.2028 0.999817 52.1932
5410 1.8 0.00449505 52.2028 0.999817 52.1932
5410 1.85 0.00461992 52.2028 0.999817 52.1932
5410 1.9 0.00474478 52.2028 0.999817 52.1932
5410 1.95 0.00486964 52.2028 0.999817 52.1932
5610 0.4 0.00100324 54.0956 0.999829 54.0864
5610 0.45 0.00112865 54.0956 0.999829 54.0864
5610 0.5 0.00125405 54.0956 0.999829 54.0864
5610 0.55 0.00137946 54.0956 0.999829 54.0864
5610 0.6 0.00150486 54.0956 0.999829 54.0864
5610 0.65 0.00163027 54.0956 0.999829 54.0864
5610 0.7 0.00175567 54.0956 0.999829 54.0864
5610 0.75 0.00188108 54.0956 0.999829 54.0864
5610 0.8 0.00200648 54.0956 0.999829 54.0864
5610 0.85 0.00213189 54.0956 0.999829 54.0864
5610 0.9 0.00225729 54.0956 0.999829 54.0864
5610 0.95 0.0023827 54.0956 0.999829 54.0864
5610 1 0.0025081 54.0956 0.999829 54.0864
5610 1.05 0.00263351 54.0956 0.999829 54.0864
5610 1.1 0.00275891 54.0956 0.999829 54.0864
5610 1.15 0.00288432 54.0956 0.999829 54.0864
5610 1.2 0.00300973 54.0956 0.999829 54.0864
5610 1.25 0.00313513 54.0956 0.999829 54.0864
5610 1.3 0.00326054 54.0956 0.999829 54.0864
5610 1.35 0.00338594 54.0956 0.999829 54.0864
5610 1.4 0.00351135 54.0956 0.999829 54.0864
5610 1.45 0.00363675 54.0956 0.999829 54.0864
5610 1.5 0.00376216 54.0956 0.999829 54.0864
5610 1.55 0.00388756 54.0956 0.999829 54.0864
5610 1.6 0.00401297 54.0956 0.999829 54.0864
5610 1.65 0.00413837 54.0956 0.999829 54.0864
5610 1.7 0.00426378 54.0956 0.999829 54.0864
5610 1.75 0.00438918 54.0956 0.999829 54.0864
5610 1.8 0.00451459 54.0956 0.999829 54.0864
5610 1.85 0.00463999 54.0956 0.999829 54.0864
5610 1.9 0.0047654 54.0956 0.999829 54.0864
5610 1.95 0.0048908 54.0956 0.999829 54.0864
5810 0.4 0.00100625 55.9885 0.99984 55.9796
5810 0.45 0.00113203 55.9885 0.99984 55.9796
5810 0.5 0.00125781 55.9885 0.99984 55.9796
5810 0.55 0.00138359 55.9885 0.99984 55.9796
5810 0.6 0.00150937 55.9885 0.99984 55.9796
5810 0.65 0.00163515 55.9885 0.99984 55.9796
5810 0.7 0.00176093 55.9885 0.99984 55.9796
5810 0.75 0.00188671 55.9885 0.99984 55.9796
5810 0.8 0.00201249 55.9885 0.99984 55.9796
5810 0.85 0.00213827 55.9885 0.99984 55.9796
5810 0.9 0.00226405 55.9885 0.99984 55.9796
5810 0.95 0.00238983 55.9885 0.99984 55.9796
5810 1 0.00251561 55.9885 0.99984 55.9796
5810 1.05 0.00264139 55.9885 0.99984 55.9796
5810 1.1 0.00276718 55.9885 0.99984 55.9796
5810 1.15 0.00289296 55.9885 0.99984 55.9796
5810 1.2 0.00301874 55.9885 0.99984 55.9796
5810 1.25 0.00314452 55.9885 0.99984 55.9796
5810 1.3 0.0032703 55.9885 0.99984 55.9796
5810 1.35 0.00339608 55.9885 0.99984 55.9796
5810 1.4 0.00352186 55.9885 0.99984 55.9796
5810 1.45 0.00364764 55.9885 0.99984 55.9796
5810 1.5 0.00377342 55.9885 0.99984 55.9796
5810 1.55 0.0038992 55.9885 0.99984 55.9796
5810 1.6 0.00402498 55.9885 0.99984 55.9796
5810 1.65 0.00415076 55.9885 0.99984 55.9796
5810 1.7 0.00427654 55.9885 0.99984 55.9796
5810 1.75 0.00440232 55.9885 0.99984 55.9796
5810 1.8 0.0045281 55.9885 0.99984 55.9796
5810 1.85 0.00465389 55.9885 0.99984 55.9796
5810 1.9 0.00477967 55.9885 0.99984 55.9796
5810 1.95 0.00490545 55.9885 0.99984 55.9796
6010 0.4 0.00100826 57.8814 0.999851 57.8728
6010 0.45 0.00113429 57.8814 0.999851 57.8728
6010 0.5 0.00126033 57.8814 0.999851 57.8728
6010 0.55 0.00138636 57.8814 0.999851 57.8728
6010 0.6 0.00151239 57.8814 0.999851 57.8728
6010 0.65 0.00163843 57.8814 0.999851 57.8728
6010 0.7 0.00176446 57.8814 0.999851 57.8728
6010 0.75 0.00189049 57.8814 0.999851 57.8728
6010 0.8 0.00201652 57.8814 0.999851 57.8728
6010 0.85 0.00214256 57.8814 0.999851 57.8728
6010 0.9 0.00226859 57.8814 0.999851 57.8728
6010 0.95 0.00239462 57.8814 0.999851 57.8728
6010 1 0.00252066 57.8814 0.999851 57.8728
6010 1.05 0.00264669 57.8814 0.999851 57.8728
6010 1.1 0.00277272 57.8814 0.999851 57.8728
6010 1.15 0.00289875 57.8814 0.999851 57.8728
6010 1.2 0.00302479 57.8814 0.999851 57.8728
6010 1.25 0.00315082 57.8814 0.999851 57.8728
6010 1.3 0.00327685 57.8814 0.999851 57.8728
6010 1.35 0.00340288 57.8814 0.999851 57.8728
6010 1.4 0.00352892 57.8814 0.999851 57.8728
6010 1.45 0.00365495 57.8814 0.999851 57.8728
6010 1.5 0.00378098 57.8814 0.999851 57.8728
6010 1.55 0.00390702 57.8814 0.999851 57.8728
6010 1.6 0.00403305 57.8814 0.999851 57.8728
6010 1.65 0.00415908 57.8814 0.999851 57.8728
6010 1.7 0.00428511 57.8814 0.999851 57.8728
6010 1.75 0.00441115 57.8814 0.999851 57.8728
6010 1.8 0.00453718 57.8814 0.999851 57.8728
6010 1.85 0.00466321 57.8814 0.999851 57.8728
6010 1.9 0.00478924 57.8814 0.999851 57.8728
6010 1.95 0.00491528 57.8814 0.999851 57.8728
6210 0.4 0.00101021 59.7743 0.99986 59.766
6210 0.45 0.00113649 59.7743 0.99986 59.766
6210 0.5 0.00126277 59.7743 0.99986 59.766
6210 0.55 0.00138905 59.7743 0.99986 59.766
6210 0.6 0.00151532 59.7743 0.99986 59.766
6210 0.65 0.0016416 59.7743 0.99986 59.766
6210 0.7 0.00176788 59.7743 0.99986 59.766
6210 0.75 0.00189415 59.7743 0.99986 59.766
6210 0.8 0.00202043 59.7743 0.99986 59.766
6210 0.85 0.00214671 59.7743 0.99986 59.766
6210 0.9 0.00227298 59.7743 0.99986 59.766
6210 0.95 0.00239926 59.7743 0.99986 59.766
6210 1 0.00252554 59.7743 0.99986 59.766
6210 1.05 0.00265181 59.7743 0.99986 59.766
6210 1.1 0.00277809 59.7743 0.99986 59.766
6210 1.15 0.00290437 59.7743 0.99986 59.766
6210 1.2 0.00303064 59.7743 0.99986 59.766
6210 1.25 0.00315692 59.7743 0.99986 59.766
6210 1.3 0.0032832 59.7743 0.99986 59.766
6210 1.35 0.00340948 59.7743 0.99986 59.766
6210 1.4 0.00353575 59.7743 0.99986 59.766
6210 1.45 0.00366203 59.7743 0.99986 59.766
6210 1.5 0.00378831 59.7743 0.99986 59.766
6210 1.55 0.00391458 59.7743 0.99986 59.766
6210 1.6 0.00404086 59.7743 0.99986 59.766
6210 1.65 0.00416714 59.7743 0.99986 59.766
6210 1.7 0.00429341 59.7743 0.99986 59.766
6210 1.75 0.00441969 59.7743 0.99986 59.766
6210 1.8 0.00454597 59.7743 0.99986 59.766
6210 1.85 0.00467224 59.7743 0.99986 59.766
6210 1.9 0.00479852 59.7743 0.99986 59.766
6210 1.95 0.0049248 59.7743 0.99986 59.766
6410 0.4 0.00101211 61.6672 0.999869 61.6591
6410 0.45 0.00113862 61.6672 0.999869 61.6591
6410 0.5 0.00126514 61.6672 0.999869 61.6591
6410 0.55 0.00139165 61.6672 0.999869 61.6591
6410 0.6 0.00151816 61.6672 0.999869 61.6591
6410 0.65 0.00164468 61.6672 0.999869 61.6591
6410 0.7 0.00177119 61.6672 0.999869 61.6591
6410 0.75 0.0018977 61.6672 0.999869 61.6591
6410 0.8 0.00202422 61.6672 0.999869 61.6591
6410 0.85 0.00215073 61.6672 0.999869 61.6591
6410 0.9 0.00227724 61.6672 0.999869 61.6591
6410 0.95 0.00240376 61.6672 0.999869 61.6591
6410 1 0.00253027 61.6672 0.999869 61.6591
6410 1.05 0.00265678 61.6672 0.999869 61.6591
6410 1.1 0.0027833 61.6672 0.999869 61.6591
6410 1.15 0.00290981 61.6672 0.999869 61.6591
6410 1.2 0.00303632 61.6672 0.999869 61.6591
6410 1.25 0.00316284 61.6672 0.999869 61.6591
6410 1.3 0.00328935 61.6672 0.999869 61.6591
6410 1.35 0.00341586 61.6672 0.999869 61.6591
6410 1.4 0.00354238 61.6672 0.999869 61.6591
6410 1.45 0.00366889 61.6672 0.999869 61.6591
6410 1.5 0.00379541 61.6672 0.999869 61.6591
6410 1.55 0.00392192 61.6672 0.999869 61.6591
6410 1.6 0.00404843 61.6672 0.999869 61.6591
6410 1.65 0.00417495 61.6672 0.999869 61.6591
6410 1.7 0.00430146 61.6672 0.999869 61.6591
6410 1.75 0.00442797 61.6672 0.999869 61.6591
6410 1.8 0.00455449 61.6672 0.999869 61.6591
6410 1.85 0.004681 61.6672 0.999869 61.6591
6410 1.9 0.00480751 61.6672 0.999869 61.6591
6410 1.95 0.00493403 61.6672 0.999869 61.6591
6610 0.4 0.00101394 63.5601 0.999876 63.5522
6610 0.45 0.00114069 63.5601 0.999876 63.5522
6610 0.5 0.00126743 63.5601 0.999876 63.5522
6610 0.55 0.00139417 63.5601 0.999876 63.5522
6610 0.6 0.00152092 63.5601 0.999876 63.5522
6610 0.65 0.00164766 63.5601 0.999876 63.5522
6610 0.7 0.0017744 63.5601 0.999876 63.5522
6610 0.75 0.00190115 63.5601 0.999876 63.5522
6610 0.8 0.00202789 63.5601 0.999876 63.5522
6610 0.85 0.00215463 63.5601 0.999876 63.5522
6610 0.9 0.00228138 63.5601 0.999876 63.5522
6610 0.95 0.00240812 63.5601 0.999876 63.5522
6610 1 0.00253486 63.5601 0.999876 63.5522
6610 1.05 0.00266161 63.5601 0.999876 63.5522
6610 1.1 0.00278835 63.5601 0.999876 63.5522
6610 1.15 0.00291509 63.5601 0.999876 63.5522
6610 1.2 0.00304183 63.5601 0.999876 63.5522
6610 1.25 0.00316858 63.5601 0.999876 63.5522
6610 1.3 0.00329532 63.5601 0.999876 63.5522
6610 1.35 0.00342206 63.5601 0.999876 63.5522
6610 1.4 0.00354881 63.5601 0.999876 63.5522
6610 1.45 0.00367555 63.5601 0.999876 63.5522
6610 1.5 0.00380229 63.5601 0.999876 63.5522
6610 1.55 0.00392904 63.5601 0.999876 63.5522
6610 1.6 0.00405578 63.5601 0.999876 63.5522
6610 1.65 0.00418252 63.5601 0.999876 63.5522
6610 1.7 0.00430927 63.5601 0.999876 63.5522
6610 1.75 0.00443601 63.5601 0.999876 63.5522
6610 1.8 0.00456275 63.5601 0.999876 63.5522
6610 1.85 0.0046895 63.5601 0.999876 63.5522
6610 1.9 0.00481624 63.5601 0.999876 63.5522
6610 1.95 0.00494298 63.5601 0.999876 63.5522
6810 0.4 0.00101573 65.453 0.999883 65.4454
6810 0.45 0.00114269 65.453 0.999883 65.4454
6810 0.5 0.00126966 65.453 0.999883 65.4454
6810 0.55 0.00139663 65.453 0.999883 65.4454
6810 0.6 0.00152359 65.453 0.999883 65.4454
6810 0.65 0.00165056 65.453 0.999883 65.4454
6810 0.7 0.00177753 65.453 0.999883 65.4454
6810 0.75 0.00190449 65.453 0.999883 65.4454
6810 0.8 0.00203146 65.453 0.999883 65.4454
6810 0.85 0.00215842 65.453 0.999883 65.4454
6810 0.9 0.00228539 65.453 0.999883 65.4454
6810 0.95 0.00241236 65.453 0.999883 65.4454
6810 1 0.00253932 65.453 0.999883 65.4454
6810 1.05 0.00266629 65.453 0.999883 65.4454
6810 1.1 0.00279325 65.453 0.999883 65.4454
6810 1.15 0.00292022 65.453 0.999883 65.4454
6810 1.2 0.00304719 65.453 0.999883 65.4454
6810 1.25 0.00317415 65.453 0.999883 65.4454
6810 1.3 0.00330112 65.453 0.999883 65.4454
6810 1.35 0.00342808 65.453 0.999883 65.4454
6810 1.4 0.00355505 65.453 0.999883 65.4454
6810 1.45 0.00368202 65.453 0.999883 65.4454
6810 1.5 0.00380898 65.453 0.999883 65.4454
6810 1.55 0.00393595 65.453 0.999883 65.4454
6810 1.6 0.00406291 65.453 0.999883 65.4454
6810 1.65 0.00418988 65.453 0.999883 65.4454
6810 1.7 0.00431685 65.453 0.999883 65.4454
6810 1.75 0.00444381 65.453 0.999883 65.4454
6810 1.8 0.00457078 65.453 0.999883 65.4454
6810 1.85 0.00469775 65.453 0.999883 65.4454
6810 1.9 0.00482471 65.453 0.999883 65.4454
6810 1.95 0.00495168 65.453 0.999883 65.4454
7010 0.4 0.00101746 67.3459 0.99989 67.3385
7010 0.45 0.00114465 67.3459 0.99989 67.3385
7010 0.5 0.00127183 67.3459 0.99989 67.3385
7010 0.55 0.00139901 67.3459 0.99989 67.3385
7010 0.6 0.00152619 67.3459 0.99989 67.3385
7010 0.65 0.00165338 67.3459 0.99989 67.3385
7010 0.7 0.00178056 67.3459 0.99989 67.3385
7010 0.75 0.00190774 67.3459 0.99989 67.3385
7010 0.8 0.00203492 67.3459 0.99989 67.3385
7010 0.85 0.00216211 67.3459 0.99989 67.3385
7010 0.9 0.00228929 67.3459 0.99989 67.3385
7010 0.95 0.00241647 67.3459 0.99989 67.3385
7010 1 0.00254366 67.3459 0.99989 67.3385
7010 1.05 0.00267084 67.3459 0.99989 67.3385
7010 1.1 0.00279802 67.3459 0.99989 67.3385
7010 1.15 0.0029252 67.3459 0.99989 67.3385
7010 1.2 0.00305239 67.3459 0.99989 67.3385
7010 1.25 0.00317957 67.3459 0.99989 67.3385
7010 1.3 0.00330675 67.3459 0.99989 67.3385
7010 1.35 0.00343394 67.3459 0.99989 67.3385
7010 1.4 0.00356112 67.3459 0.99989 67.3385
7010 1.45 0.0036883 67.3459 0.99989 67.3385
7010 1.5 0.00381548 67.3459 0.99989 67.3385
7010 1.55 0.00394267 67.3459 0.99989 67.3385
7010 1.6 0.00406985 67.3459 0.99989 67.3385
7010 1.65 0.00419703 67.3459 0.99989 67.3385
7010 1.7 0.00432422 67.3459 0.99989 67.3385
7010 1.75 0.0044514 67.3459 0.99989 67.3385
7010 1.8 0.00457858 67.3459 0.99989 67.3385
7010 1.85 0.00470576 67.3459 0.99989 67.3385
7010 1.9 0.00483295 67.3459 0.99989 67.3385
7010 1.95 0.00496013 67.3459 0.99989 67.3385
7210 0.4 0.00101915 69.2388 0.999896 69.2316
7210 0.45 0.00114654 69.2388 0.999896 69.2316
7210 0.5 0.00127394 69.2388 0.999896 69.2316
7210 0.55 0.00140133 69.2388 0.999896 69.2316
7210 0.6 0.00152872 69.2388 0.999896 69.2316
7210 0.65 0.00165612 69.2388 0.999896 69.2316
7210 0.7 0.00178351 69.2388 0.999896 69.2316
7210 0.75 0.0019109 69.2388 0.999896 69.2316
7210 0.8 0.0020383 69.2388 0.999896 69.2316
7210 0.85 0.00216569 69.2388 0.999896 69.2316
7210 0.9 0.00229308 69.2388 0.999896 69.2316
7210 0.95 0.00242048 69.2388 0.999896 69.2316
7210 1 0.00254787 69.2388 0.999896 69.2316
7210 1.05 0.00267527 69.2388 0.999896 69.2316
7210 1.1 0.00280266 69.2388 0.999896 69.2316
7210 1.15 0.00293005 69.2388 0.999896 69.2316
7210 1.2 0.00305745 69.2388 0.999896 69.2316
7210 1.25 0.00318484 69.2388 0.999896 69.2316
7210 1.3 0.00331223 69.2388 0.999896 69.2316
7210 1.35 0.00343963 69.2388 0.999896 69.2316
7210 1.4 0.00356702 69.2388 0.999896 69.2316
7210 1.45 0.00369441 69.2388 0.999896 69.2316
7210 1.5 0.00382181 69.2388 0.999896 69.2316
7210 1.55 0.0039492 69.2388 0.999896 69.2316
7210 1.6 0.00407659 69.2388 0.999896 69.2316
7210 1.65 0.00420399 69.2388 0.999896 69.2316
7210 1.7 0.00433138 69.2388 0.999896 69.2316
7210 1.75 0.00445878 69.2388 0.999896 69.2316
7210 1.8 0.00458617 69.2388 0.999896 69.2316
7210 1.85 0.00471356 69.2388 0.999896 69.2316
7210 1.9 0.00484096 69.2388 0.999896 69.2316
7210 1.95 0.00496835 69.2388 0.999896 69.2316
7410 0.4 0.00102079 71.1317 0.999901 71.1247
7410 0.45 0.00114839 71.1317 0.999901 71.1247
7410 0.5 0.00127599 71.1317 0.999901 71.1247
7410 0.55 0.00140359 71.1317 0.999901 71.1247
7410 0.6 0.00153119 71.1317 0.999901 71.1247
7410 0.65 0.00165878 71.1317 0.999901 71.1247
7410 0.7 0.00178638 71.1317 0.999901 71.1247
7410 0.75 0.00191398 71.1317 0.999901 71.1247
7410 0.8 0.00204158 71.1317 0.999901 71.1247
7410 0.85 0.00216918 71.1317 0.999901 71.1247
7410 0.9 0.00229678 71.1317 0.999901 71.1247
7410 0.95 0.00242438 71.1317 0.999901 71.1247
7410 1 0.00255198 71.1317 0.999901 71.1247
7410 1.05 0.00267957 71.1317 0.999901 71.1247
7410 1.1 0.00280717 71.1317 0.999901 71.1247
7410 1.15 0.00293477 71.1317 0.999901 71.1247
7410 1.2 0.00306237 71.1317 0.999901 71.1247
7410 1.25 0.00318997 71.1317 0.999901 71.1247
7410 1.3 0.00331757 71.1317 0.999901 71.1247
7410 1.35 0.00344517 71.1317 0.999901 71.1247
7410 1.4 0.00357277 71.1317 0.999901 71.1247
7410 1.45 0.00370036 71.1317 0.999901 71.1247
7410 1.5 0.00382796 71.1317 0.999901 71.1247
7410 1.55 0.00395556 71.1317 0.999901 71.1247
7410 1.6 0.00408316 71.1317 0.999901 71.1247
7410 1.65 0.00421076 71.1317 0.999901 71.1247
7410 1.7 0.00433836 71.1317 0.999901 71.1247
7410 1.75 0.00446596 71.1317 0.999901 71.1247
7410 1.8 0.00459356 71.1317 0.999901 71.1247
7410 1.85 0.00472115 71.1317 0.999901 71.1247
7410 1.9 0.00484875 71.1317 0.999901 71.1247
7410 1.95 0.00497635 71.1317 0.999901 71.1247
7610 0.4 0.00102239 73.0246 0.999906 73.0177
7610 0.45 0.00115019 73.0246 0.999906 73.0177
7610 0.5 0.00127799 73.0246 0.999906 73.0177
7610 0.55 0.00140578 73.0246 0.999906 73.0177
7610 0.6 0.00153358 73.0246 0.999906 73.0177
7610 0.65 0.00166138 73.0246 0.999906 73.0177
7610 0.7 0.00178918 73.0246 0.999906 73.0177
7610 0.75 0.00191698 73.0246 0.999906 73.0177
7610 0.8 0.00204478 73.0246 0.999906 73.0177
7610 0.85 0.00217258 73.0246 0.999906 73.0177
7610 0.9 0.00230038 73.0246 0.999906 73.0177
7610 0.95 0.00242817 73.0246 0.999906 73.0177
7610 1 0.00255597 73.0246 0.999906 73.0177
7610 1.05 0.00268377 73.0246 0.999906 73.0177
7610 1.1 0.00281157 73.0246 0.999906 73.0177
7610 1.15 0.00293937 73.0246 0.999906 73.0177
7610 1.2 0.00306717 73.0246 0.999906 73.0177
7610 1.25 0.00319497 73.0246 0.999906 73.0177
7610 1.3 0.00332276 73.0246 0.999906 73.0177
7610 1.35 0.00345056 73.0246 0.999906 73.0177
7610 1.4 0.00357836 73.0246 0.999906 73.0177
7610 1.45 0.00370616 73.0246 0.999906 73.0177
7610 1.5 0.00383396 73.0246 0.999906 73.0177
7610 1.55 0.00396176 73.0246 0.999906 73.0177
7610 1.6 0.00408956 73.0246 0.999906 73.0177
7610 1.65 0.00421735 73.0246 0.999906 73.0177
7610 1.7 0.00434515 73.0246 0.999906 73.0177
7610 1.75 0.00447295 73.0246 0.999906 73.0177
7610 1.8 0.00460075 73.0246 0.999906 73.0177
7610 1.85 0.00472855 73.0246 0.999906 73.0177
7610 1.9 0.00485635 73.0246 0.999906 73.0177
7610 1.95 0.00498415 73.0246 0.999906 73.0177
7810 0.4 0.00102395 74.9175 0.999911 74.9108
7810 0.45 0.00115194 74.9175 0.999911 74.9108
7810 0.5 0.00127993 74.9175 0.999911 74.9108
7810 0.55 0.00140793 74.9175 0.999911 74.9108
7810 0.6 0.00153592 74.9175 0.999911 74.9108
7810 0.65 0.00166391 74.9175 0.999911 74.9108
7810 0.7 0.00179191 74.9175 0.999911 74.9108
7810 0.75 0.0019199 74.9175 0.999911 74.9108
7810 0.8 0.00204789 74.9175 0.999911 74.9108
7810 0.85 0.00217589 74.9175 0.999911 74.9108
7810 0.9 0.00230388 74.9175 0.999911 74.9108
7810 0.95 0.00243188 74.9175 0.999911 74.9108
7810 1 0.00255987 74.9175 0.999911 74.9108
7810 1.05 0.00268786 74.9175 0.999911 74.9108
7810 1.1 0.00281586 74.9175 0.999911 74.9108
7810 1.15 0.00294385 74.9175 0.999911 74.9108
7810 1.2 0.00307184 74.9175 0.999911 74.9108
7810 1.25 0.00319984 74.9175 0.999911 74.9108
7810 1.3 0.00332783 74.9175 0.999911 74.9108
7810 1.35 0.00345582 74.9175 0.999911 74.9108
7810 1.4 0.00358382 74.9175 0.999911 74.9108
7810 1.45 0.00371181 74.9175 0.999911 74.9108
7810 1.5 0.0038398 74.9175 0.999911 74.9108
7810 1.55 0.0039678 74.9175 0.999911 74.9108
7810 1.6 0.00409579 74.9175 0.999911 74.9108
7810 1.65 0.00422378 74.9175 0.999911 74.9108
7810 1.7 0.00435178 74.9175 0.999911 74.9108
7810 1.75 0.00447977 74.9175 0.999911 74.9108
7810 1.8 0.00460776 74.9175 0.999911 74.9108
7810 1.85 0.00473576 74.9175 0.999911 74.9108
7810 1.9 0.00486375 74.9175 0.999911 74.9108
7810 1.95 0.00499174 74.9175 0.999911 74.9108
8010 0.4 0.00102547 76.8104 0.999915 76.8039
8010 0.45 0.00115365 76.8104 0.999915 76.8039
8010 0.5 0.00128183 76.8104 0.999915 76.8039
8010 0.55 0.00141002 76.8104 0.999915 76.8039
8010 0.6 0.0015382 76.8104 0.999915 76.8039
8010 0.65 0.00166638 76.8104 0.999915 76.8039
8010 0.7 0.00179457 76.8104 0.999915 76.8039
8010 0.75 0.00192275 76.8104 0.999915 76.8039
8010 0.8 0.00205093 76.8104 0.999915 76.8039
8010 0.85 0.00217912 76.8104 0.999915 76.8039
8010 0.9 0.0023073 76.8104 0.999915 76.8039
8010 0.95 0.00243549 76.8104 0.999915 76.8039
8010 1 0.00256367 76.8104 0.999915 76.8039
8010 1.05 0.00269185 76.8104 0.999915 76.8039
8010 1.1 0.00282004 76.8104 0.999915 76.8039
8010 1.15 0.00294822 76.8104 0.999915 76.8039
8010 1.2 0.0030764 76.8104 0.999915 76.8039
8010 1.25 0.00320459 76.8104 0.999915 76.8039
8010 1.3 0.00333277 76.8104 0.999915 76.8039
8010 1.35 0.00346095 76.8104 0.999915 76.8039
8010 1.4 0.00358914 76.8104 0.999915 76.8039
8010 1.45 0.00371732 76.8104 0.999915 76.8039
8010 1.5 0.0038455 76.8104 0.999915 76.8039
8010 1.55 0.00397369 76.8104 0.999915 76.8039
8010 1.6 0.00410187 76.8104 0.999915 76.8039
8010 1.65 0.00423005 76.8104 0.999915 76.8039
8010 1.7 0.00435824 76.8104 0.999915 76.8039
8010 1.75 0.00448642 76.8104 0.999915 76.8039
8010 1.8 0.0046146 76.8104 0.999915 76.8039
8010 1.85 0.00474279 76.8104 0.999915 76.8039
8010 1.9 0.00487097 76.8104 0.999915 76.8039
8010 1.95 0.00499915 76.8104 0.999915 76.8039
8210 0.4 0.00102695 78.7033 0.999919 78.6969
8210 0.45 0.00115532 78.7033 0.999919 78.6969
8210 0.5 0.00128369 78.7033 0.999919 78.6969
8210 0.55 0.00141206 78.7033 0.999919 78.6969
8210 0.6 0.00154043 78.7033 0.999919 78.6969
8210 0.65 0.0016688 78.7033 0.999919 78.6969
8210 0.7 0.00179716 78.7033 0.999919 78.6969
8210 0.75 0.00192553 78.7033 0.999919 78.6969
8210 0.8 0.0020539 78.7033 0.999919 78.6969
8210 0.85 0.00218227 78.7033 0.999919 78.6969
8210 0.9 0.00231064 78.7033 0.999919 78.6969
8210 0.95 0.00243901 78.7033 0.999919 78.6969
8210 1 0.00256738 78.7033 0.999919 78.6969
8210 1.05 0.00269575 78.7033 0.999919 78.6969
8210 1.1 0.00282411 78.7033 0.999919 78.6969
8210 1.15 0.00295248 78.7033 0.999919 78.6969
8210 1.2 0.00308085 78.7033 0.999919 78.6969
8210 1.25 0.00320922 78.7033 0.999919 78.6969
8210 1.3 0.00333759 78.7033 0.999919 78.6969
8210 1.35 0.00346596 78.7033 0.999919 78.6969
8210 1.4 0.00359433 78.7033 0.999919 78.6969
8210 1.45 0.0037227 78.7033 0.999919 78.6969
8210 1.5 0.00385107 78.7033 0.999919 78.6969
8210 1.55 0.00397943 78.7033 0.999919 78.6969
8210 1.6 0.0041078 78.7033 0.999919 78.6969
8210 1.65 0.00423617 78.7033 0.999919 78.6969
8210 1.7 0.00436454 78.7033 0.999919 78.6969
8210 1.75 0.00449291 78.7033 0.999919 78.6969
8210 1.8 0.00462128 78.7033 0.999919 78.6969
8210 1.85 0.00474965 78.7033 0.999919 78.6969
8210 1.9 0.00487802 78.7033 0.999919 78.6969
8210 1.95 0.00500639 78.7033 0.999919 78.6969
8410 0.4 0.0010284 80.5962 0.999923 80.5899
8410 0.45 0.00115695 80.5962 0.999923 80.5899
8410 0.5 0.0012855 80.5962 0.999923 80.5899
8410 0.55 0.00141405 80.5962 0.999923 80.5899
8410 0.6 0.0015426 80.5962 0.999923 80.5899
8410 0.65 0.00167115 80.5962 0.999923 80.5899
8410 0.7 0.0017997 80.5962 0.999923 80.5899
8410 0.75 0.00192825 80.5962 0.999923 80.5899
8410 0.8 0.0020568 80.5962 0.999923 80.5899
8410 0.85 0.00218535 80.5962 0.999923 80.5899
8410 0.9 0.0023139 80.5962 0.999923 80.5899
8410 0.95 0.00244245 80.5962 0.999923 80.5899
8410 1 0.002571 80.5962 0.999923 80.5899
8410 1.05 0.00269955 80.5962 0.999923 80.5899
8410 1.1 0.0028281 80.5962 0.999923 80.5899
8410 1.15 0.00295665 80.5962 0.999923 80.5899
8410 1.2 0.0030852 80.5962 0.999923 80.5899
8410 1.25 0.00321375 80.5962 0.999923 80.5899
8410 1.3 0.0033423 80.5962 0.999923 80.5899
8410 1.35 0.00347085 80.5962 0.999923 80.5899
8410 1.4 0.0035994 80.5962 0.999923 80.5899
8410 1.45 0.00372795 80.5962 0.999923 80.5899
8410 1.5 0.0038565 80.5962 0.999923 80.5899
8410 1.55 0.00398505 80.5962 0.999923 80.5899
8410 1.6 0.0041136 80.5962 0.999923 80.5899
8410 1.65 0.00424215 80.5962 0.999923 80.5899
8410 1.7 0.0043707 80.5962 0.999923 80.5899
8410 1.75 0.00449925 80.5962 0.999923 80.5899
8410 1.8 0.0046278 80.5962 0.999923 80.5899
8410 1.85 0.00475635 80.5962 0.999923 80.5899
8410 1.9 0.0048849 80.5962 0.999923 80.5899
8410 1.95 0.00501345 80.5962 0.999923 80.5899
8610 0.4 0.00102981 82.489 0.999927 82.483
8610 0.45 0.00115854 82.489 0.999927 82.483
8610 0.5 0.00128727 82.489 0.999927 82.483
8610 0.55 0.00141599 82.489 0.999927 82.483
8610 0.6 0.00154472 82.489 0.999927 82.483
8610 0.65 0.00167345 82.489 0.999927 82.483
8610 0.7 0.00180218 82.489 0.999927 82.483
8610 0.75 0.0019309 82.489 0.999927 82.483
8610 0.8 0.00205963 82.489 0.999927 82.483
8610 0.85 0.00218836 82.489 0.999927 82.483
8610 0.9 0.00231708 82.489 0.999927 82.483
8610 0.95 0.00244581 82.489 0.999927 82.483
8610 1 0.00257454 82.489 0.999927 82.483
8610 1.05 0.00270326 82.489 0.999927 82.483
8610 1.1 0.00283199 82.489 0.999927 82.483
8610 1.15 0.00296072 82.489 0.999927 82.483
8610 1.2 0.00308944 82.489 0.999927 82.483
8610 1.25 0.00321817 82.489 0.999927 82.483
8610 1.3 0.0033469 82.489 0.999927 82.483
8610 1.35 0.00347562 82.489 0.999927 82.483
8610 1.4 0.00360435 82.489 0.999927 82.483
8610 1.45 0.00373308 82.489 0.999927 82.483
8610 1.5 0.0038618 82.489 0.999927 82.483
8610 1.55 0.00399053 82.489 0.999927 82.483
8610 1.6 0.00411926 82.489 0.999927 82.483
8610 1.65 0.00424798 82.489 0.999927 82.483
8610 1.7 0.00437671 82.489 0.999927 82.483
8610 1.75 0.00450544 82.489 0.999927 82.483
8610 1.8 0.00463417 82.489 0.999927 82.483
8610 1.85 0.00476289 82.489 0.999927 82.483
8610 1.9 0.00489162 82.489 0.999927 82.483
8610 1.95 0.00502035 82.489 0.999927 82.483
8810 0.4 0.0010312 84.3819 0.99993 84.376
8810 0.45 0.0011601 84.3819 0.99993 84.376
8810 0.5 0.001289 84.3819 0.99993 84.376
8810 0.55 0.0014179 84.3819 0.99993 84.376
8810 0.6 0.0015468 84.3819 0.99993 84.376
8810 0.65 0.0016757 84.3819 0.99993 84.376
8810 0.7 0.0018046 84.3819 0.99993 84.376
8810 0.75 0.0019335 84.3819 0.99993 84.376
8810 0.8 0.0020624 84.3819 0.99993 84.376
8810 0.85 0.0021913 84.3819 0.99993 84.376
8810 0.9 0.0023202 84.3819 0.99993 84.376
8810 0.95 0.0024491 84.3819 0.99993 84.376
8810 1 0.00257799 84.3819 0.99993 84.376
8810 1.05 0.00270689 84.3819 0.99993 84.376
8810 1.1 0.00283579 84.3819 0.99993 84.376
8810 1.15 0.00296469 84.3819 0.99993 84.376
8810 1.2 0.00309359 84.3819 0.99993 84.376
8810 1.25 0.00322249 84.3819 0.99993 84.376
8810 1.3 0.00335139 84.3819 0.99993 84.376
8810 1.35 0.00348029 84.3819 0.99993 84.376
8810 1.4 0.00360919 84.3819 0.99993 84.376
8810 1.45 0.00373809 84.3819 0.99993 84.376
8810 1.5 0.00386699 84.3819 0.99993 84.376
8810 1.55 0.00399589 84.3819 0.99993 84.376
8810 1.6 0.00412479 84.3819 0.99993 84.376
8810 1.65 0.00425369 84.3819 0.99993 84.376
8810 1.7 0.00438259 84.3819 0.99993 84.376
8810 1.75 0.00451149 84.3819 0.99993 84.376
8810 1.8 0.00464039 84.3819 0.99993 84.376
8810 1.85 0.00476929 84.3819 0.99993 84.376
8810 1.9 0.00489819 84.3819 0.99993 84.376
8810 1.95 0.00502709 84.3819 0.99993 84.376
9010 0.4 0.00103255 86.2748 0.999933 86.269
9010 0.45 0.00116162 86.2748 0.999933 86.269
9010 0.5 0.00129069 86.2748 0.999933 86.269
9010 0.55 0.00141976 86.2748 0.999933 86.269
9010 0.6 0.00154883 86.2748 0.999933 86.269
9010 0.65 0.0016779 86.2748 0.999933 86.269
9010 0.7 0.00180696 86.2748 0.999933 86.269
9010 0.75 0.00193603 86.2748 0.999933 86.269
9010 0.8 0.0020651 86.2748 0.999933 86.269
9010 0.85 0.00219417 86.2748 0.999933 86.269
9010 0.9 0.00232324 86.2748 0.999933 86.269
9010 0.95 0.00245231 86.2748 0.999933 86.269
9010 1 0.00258138 86.2748 0.999933 86.269
9010 1.05 0.00271045 86.2748 0.999933 86.269
9010 1.1 0.00283952 86.2748 0.999933 86.269
9010 1.15 0.00296858 86.2748 0.999933 86.269
9010 1.2 0.00309765 86.2748 0.999933 86.269
9010 1.25 0.00322672 86.2748 0.999933 86.269
9010 1.3 0.00335579 86.2748 0.999933 86.269
9010 1.35 0.00348486 86.2748 0.999933 86.269
9010 1.4 0.00361393 86.2748 0.999933 86.269
9010 1.45 0.003743 86.2748 0.999933 86.269
9010 1.5 0.00387207 86.2748 0.999933 86.269
9010 1.55 0.00400113 86.2748 0.999933 86.269
9010 1.6 0.0041302 86.2748 0.999933 86.269
9010 1.65 0.00425927 86.2748 0.999933 86.269
9010 1.7 0.00438834 86.2748 0.999933 86.269
9010 1.75 0.00451741 86.2748 0.999933 86.269
9010 1.8 0.00464648 86.2748 0.999933 86.269
9010 1.85 0.00477555 86.2748 0.999933 86.269
9010 1.9 0.00490462 86.2748 0.999933 86.269
9010 1.95 0.00503369 86.2748 0.999933 86.269
9210 0.4 0.00103387 88.1677 0.999936 88.1621
9210 0.45 0.00116311 88.1677 0.999936 88.1621
9210 0.5 0.00129234 88.1677 0.999936 88.1621
9210 0.55 0.00142158 88.1677 0.999936 88.1621
9210 0.6 0.00155081 88.1677 0.999936 88.1621
9210 0.65 0.00168005 88.1677 0.999936 88.1621
9210 0.7 0.00180928 88.1677 0.999936 88.1621
9210 0.75 0.00193852 88.1677 0.999936 88.1621
9210 0.8 0.00206775 88.1677 0.999936 88.1621
9210 0.85 0.00219698 88.1677 0.999936 88.1621
9210 0.9 0.00232622 88.1677 0.999936 88.1621
9210 0.95 0.00245545 88.1677 0.999936 88.1621
9210 1 0.00258469 88.1677 0.999936 88.1621
9210 1.05 0.00271392 88.1677 0.999936 88.1621
9210 1.1 0.00284316 88.1677 0.999936 88.1621
9210 1.15 0.00297239 88.1677 0.999936 88.1621
9210 1.2 0.00310162 88.1677 0.999936 88.1621
9210 1.25 0.00323086 88.1677 0.999936 88.1621
9210 1.3 0.00336009 88.1677 0.999936 88.1621
9210 1.35 0.00348933 88.1677 0.999936 88.1621
9210 1.4 0.00361856 88.1677 0.999936 88.1621
9210 1.45 0.0037478 88.1677 0.999936 88.1621
9210 1.5 0.00387703 88.1677 0.999936 88.1621
9210 1.55 0.00400626 88.1677 0.999936 88.1621
9210 1.6 0.0041355 88.1677 0.999936 88.1621
9210 1.65 0.00426473 88.1677 0.999936 88.1621
9210 1.7 0.00439397 88.1677 0.999936 88.1621
9210 1.75 0.0045232 88.1677 0.999936 88.1621
9210 1.8 0.00465244 88.1677 0.999936 88.1621
9210 1.85 0.00478167 88.1677 0.999936 88.1621
9210 1.9 0.00491091 88.1677 0.999936 88.1621
9210 1.95 0.00504014 88.1677 0.999936 88.1621
9410 0.4 0.00103517 90.0606 0.999938 90.0551
9410 0.45 0.00116457 90.0606 0.999938 90.0551
9410 0.5 0.00129396 90.0606 0.999938 90.0551
9410 0.55 0.00142336 90.0606 0.999938 90.0551
9410 0.6 0.00155276 90.0606 0.999938 90.0551
9410 0.65 0.00168215 90.0606 0.999938 90.0551
9410 0.7 0.00181155 90.0606 0.999938 90.0551
9410 0.75 0.00194095 90.0606 0.999938 90.0551
9410 0.8 0.00207034 90.0606 0.999938 90.0551
9410 0.85 0.00219974 90.0606 0.999938 90.0551
9410 0.9 0.00232913 90.0606 0.999938 90.0551
9410 0.95 0.00245853 90.0606 0.999938 90.0551
9410 1 0.00258793 90.0606 0.999938 90.0551
9410 1.05 0.00271732 90.0606 0.999938 90.0551
9410 1.1 0.00284672 90.0606 0.999938 90.0551
9410 1.15 0.00297612 90.0606 0.999938 90.0551
9410 1.2 0.00310551 90.0606 0.999938 90.0551
9410 1.25 0.00323491 90.0606 0.999938 90.0551
9410 1.3 0.00336431 90.0606 0.999938 90.0551
9410 1.35 0.0034937 90.0606 0.999938 90.0551
9410 1.4 0.0036231 90.0606 0.999938 90.0551
9410 1.45 0.00375249 90.0606 0.999938 90.0551
9410 1.5 0.00388189 90.0606 0.999938 90.0551
9410 1.55 0.00401129 90.0606 0.999938 90.0551
9410 1.6 0.00414068 90.0606 0.999938 90.0551
9410 1.65 0.00427008 90.0606 0.999938 90.0551
9410 1.7 0.00439948 90.0606 0.999938 90.0551
9410 1.75 0.00452887 90.0606 0.999938 90.0551
9410 1.8 0.00465827 90.0606 0.999938 90.0551
9410 1.85 0.00478767 90.0606 0.999938 90.0551
9410 1.9 0.00491706 90.0606 0.999938 90.0551
9410 1.95 0.00504646 90.0606 0.999938 90.0551
9610 0.4 0.00103644 91.9535 0.999941 91.9481
9610 0.45 0.001166 91.9535 0.999941 91.9481
9610 0.5 0.00129555 91.9535 0.999941 91.9481
9610 0.55 0.00142511 91.9535 0.999941 91.9481
9610 0.6 0.00155466 91.9535 0.999941 91.9481
9610 0.65 0.00168422 91.9535 0.999941 91.9481
9610 0.7 0.00181377 91.9535 0.999941 91.9481
9610 0.75 0.00194333 91.9535 0.999941 91.9481
9610 0.8 0.00207288 91.9535 0.999941 91.9481
9610 0.85 0.00220244 91.9535 0.999941 91.9481
9610 0.9 0.00233199 91.9535 0.999941 91.9481
9610 0.95 0.00246155 91.9535 0.999941 91.9481
9610 1 0.0025911 91.9535 0.999941 91.9481
9610 1.05 0.00272066 91.9535 0.999941 91.9481
9610 1.1 0.00285021 91.9535 0.999941 91.9481
9610 1.15 0.00297977 91.9535 0.999941 91.9481
9610 1.2 0.00310932 91.9535 0.999941 91.9481
9610 1.25 0.00323888 91.9535 0.999941 91.9481
9610 1.3 0.00336843 91.9535 0.999941 91.9481
9610 1.35 0.00349799 91.9535 0.999941 91.9481
9610 1.4 0.00362754 91.9535 0.999941 91.9481
9610 1.45 0.0037571 91.9535 0.999941 91.9481
9610 1.5 0.00388665 91.9535 0.999941 91.9481
9610 1.55 0.00401621 91.9535 0.999941 91.9481
9610 1.6 0.00414576 91.9535 0.999941 91.9481
9610 1.65 0.00427532 91.9535 0.999941 91.9481
9610 1.7 0.00440487 91.9535 0.999941 91.9481
9610 1.75 0.00453443 91.9535 0.999941 91.9481
9610 1.8 0.00466398 91.9535 0.999941 91.9481
9610 1.85 0.00479354 91.9535 0.999941 91.9481
9610 1.9 0.00492309 91.9535 0.999941 91.9481
9610 1.95 0.00505265 91.9535 0.999941 91.9481
9810 0.4 0.00103768 93.8464 0.999943 93.8411
9810 0.45 0.00116739 93.8464 0.999943 93.8411
9810 0.5 0.0012971 93.8464 0.999943 93.8411
9810 0.55 0.00142682 93.8464 0.999943 93.8411
9810 0.6 0.00155653 93.8464 0.999943 93.8411
9810 0.65 0.00168624 93.8464 0.999943 93.8411
9810 0.7 0.00181595 93.8464 0.999943 93.8411
9810 0.75 0.00194566 93.8464 0.999943 93.8411
9810 0.8 0.00207537 93.8464 0.999943 93.8411
9810 0.85 0.00220508 93.8464 0.999943 93.8411
9810 0.9 0.00233479 93.8464 0.999943 93.8411
9810 0.95 0.0024645 93.8464 0.999943 93.8411
9810 1 0.00259421 93.8464 0.999943 93.8411
9810 1.05 0.00272392 93.8464 0.999943 93.8411
9810 1.1 0.00285363 93.8464 0.999943 93.8411
9810 1.15 0.00298334 93.8464 0.999943 93.8411
9810 1.2 0.00311305 93.8464 0.999943 93.8411
9810 1.25 0.00324276 93.8464 0.999943 93.8411
9810 1.3 0.00337247 93.8464 0.999943 93.8411
9810 1.35 0.00350218 93.8464 0.999943 93.8411
9810 1.4 0.00363189 93.8464 0.999943 93.8411
9810 1.45 0.0037616 93.8464 0.999943 93.8411
9810 1.5 0.00389131 93.8464 0.999943 93.8411
9810 1.55 0.00402102 93.8464 0.999943 93.8411
9810 1.6 0.00415073 93.8464 0.999943 93.8411
9810 1.65 0.00428045 93.8464 0.999943 93.8411
9810 1.7 0.00441016 93.8464 0.999943 93.8411
9810 1.75 0.00453987 93.8464 0.999943 93.8411
9810 1.8 0.00466958 93.8464 0.999943 93.8411
9810 1.85 0.00479929 93.8464 0.999943 93.8411
9810 1.9 0.004929 93.8464 0.999943 93.8411
9810 1.95 0.00505871 93.8464 0.999943 93.8411
