0 0.545323 0.0264074 0.545323
3.212 0.565282 0.0258544 0.543611
6.424 0.544903 0.026082 0.538497
9.636 0.538451 0.0258199 0.530044
12.848 0.503644 0.0260998 0.518359
16.06 0.493039 0.0256158 0.503589
19.272 0.469949 0.0253023 0.485919
22.484 0.439895 0.0250392 0.46557
25.696 0.407175 0.024731 0.4428
28.908 0.401048 0.023492 0.417892
32.12 0.356841 0.023281 0.391161
35.332 0.336269 0.0222167 0.362942
38.544 0.286595 0.0220755 0.333589
41.756 0.253634 0.0212959 0.303471
44.968 0.220255 0.0204937 0.272966
48.18