0 0.563577 0.0259762 0.563577
3.212 0.52334 0.0268705 0.561808
6.424 0.563067 0.0256579 0.556522
9.636 0.559989 0.0253185 0.547786
12.848 0.543442 0.0251259 0.53571
16.06 0.520538 0.02493 0.520445
19.272 0.475966 0.0251418 0.502184
22.484 0.453409 0.0246632 0.481154
25.696 0.404186 0.0248222 0.457621
28.908 0.397286 0.023603 0.43188
32.12 0.378503 0.022605 0.404254
35.332 0.327638 0.0225075 0.375091
38.544 0.281287 0.0222828 0.344755
41.756 0.261226 0.0209842 0.313629
44.968 0.231633 0.019984 0.282103
48.18 0.186436 0.0197104 0.250573
51.392 0.160189 0.0185312 0.219435
54.604 0.128968 0.0176832 0.18908
57.816 0.100729 0.0167765 0.15989
61.028 0.0793921 0.0154451 0.13223
64.24 0.059856 0.0140789 0.106448
67.452 0.0441454 0.012437 0.0828681
70.664 0.0355616 0.00990099 0.0617861
73.876 0.0419026 0.00592546 0.0434669
77.088 0.0323761 0.00360609 0.0281404
