0 0.543137 0.0132302 0.543137
3.212 0.548656 0.0131216 0.541432
6.424 0.543235 0.013061 0.536338
9.636 0.532977 0.0129761 0.527919
12.848 0.532806 0.0126877 0.516281
16.06 0.505413 0.0126501 0.50157
19.272 0.482059 0.0124912 0.48397
22.484 0.453753 0.0123269 0.463703
25.696 0.42853 0.0120534 0.441024
28.908 0.385611 0.0119788 0.416217
32.12 0.359935 0.0115904 0.389593
35.332 0.323779 0.0113206 0.361487
38.544 0.2948 0.0108831 0.332252
41.756 0.25349 0.010651 0.302254
44.968 0.22562 0.0101243 0.271872
48.18 0.186925 0.00984231 0.241485
51.392 0.16034 0.00926124 0.211477
54.604 0.127839 0.00888056 0.182223
57.816 0.102203 0.00832755 0.154091
61.028 0.0793353 0.00772529 0.127434
64.24 0.0598945 0.00703719 0.102587
67.452 0.0449563 0.00616217 0.0798626
70.664 0.0360496 0.00491687 0.0595452
73.876 0.0416316 0.00297236 0.0418904
77.088 0.0324207 0.00180181 0.0271198
